Iteration	Cost
0	11.1625748384
1	9.16263732899
2	8.55407316927
3	8.26296146839
4	8.10813831764
5	8.01662973634
6	7.95647401135
7	7.91305203878
8	7.8794117991
9	7.85208964822
10	7.82924721218
11	7.80982400002
12	7.79314621376
13	7.77874338359
14	7.76626060192
15	7.75541512053
16	7.74597376635
17	7.73774029895
18	7.73054765494
19	7.72425270888
20	7.71873242197
21	7.71388082737
22	7.70960657068
23	7.70583085298
24	7.70248568579
25	7.69951239897
26	7.69686035928
27	7.69448586746
28	7.69235120765
29	7.69042382759
30	7.68867563134
31	7.68708236907
32	7.68562311033
33	7.68427978957
34	7.68303681386
35	7.68188072433
36	7.68079990399
37	7.6797843255
38	7.67882533356
39	7.67791545703
40	7.67704824678
41	7.67621813581
42	7.67542031841
43	7.67465064597
44	7.67390553699
45	7.67318189944
46	7.67247706374
47	7.67178872493
48	7.67111489275
49	7.67045384854
50	7.66980410807
51	7.66916438942
52	7.66853358531
53	7.6679107392
54	7.6672950246
55	7.66668572733
56	7.6660822301
57	7.66548399926
58	7.66489057338
59	7.6643015533
60	7.66371659368
61	7.66313539557
62	7.66255770012
63	7.66198328303
64	7.66141194987
65	7.660843532
66	7.66027788297
67	7.65971487558
68	7.65915439918
69	7.65859635742
70	7.65804066632
71	7.65748725256
72	7.65693605201
73	7.65638700851
74	7.65584007275
75	7.65529520133
76	7.654752356
77	7.65421150291
78	7.65367261203
79	7.65313565663
80	7.65260061283
81	7.65206745919
82	7.65153617643
83	7.65100674708
84	7.65047915528
85	7.64995338653
86	7.64942942752
87	7.64890726599
88	7.64838689054
89	7.64786829056
90	7.64735145611
91	7.64683637781
92	7.6463230468
93	7.64581145465
94	7.64530159332
95	7.64479345508
96	7.64428703251
97	7.64378231843
98	7.64327930586
99	7.64277798805
100	7.6422783584
101	7.64178041043
102	7.64128413784
103	7.64078953442
104	7.64029659404
105	7.63980531069
106	7.63931567844
107	7.63882769142
108	7.63834134381
109	7.63785662989
110	7.63737354395
111	7.63689208036
112	7.63641223351
113	7.63593399783
114	7.63545736782
115	7.63498233797
116	7.63450890283
117	7.63403705698
118	7.63356679502
119	7.63309811157
120	7.63263100129
121	7.63216545886
122	7.63170147898
123	7.63123905638
124	7.6307781858
125	7.63031886202
126	7.62986107982
127	7.629404834
128	7.62895011941
129	7.62849693089
130	7.62804526331
131	7.62759511154
132	7.62714647051
133	7.62669933512
134	7.62625370033
135	7.62580956109
136	7.62536691238
137	7.62492574918
138	7.62448606652
139	7.62404785942
140	7.62361112293
141	7.6231758521
142	7.62274204202
143	7.62230968779
144	7.62187878452
145	7.62144932733
146	7.62102131137
147	7.62059473181
148	7.62016958383
149	7.61974586261
150	7.61932356338
151	7.61890268135
152	7.61848321178
153	7.61806514991
154	7.61764849103
155	7.61723323043
156	7.61681936342
157	7.61640688531
158	7.61599579145
159	7.61558607719
160	7.61517773791
161	7.61477076898
162	7.6143651658
163	7.61396092381
164	7.61355803842
165	7.61315650508
166	7.61275631926
167	7.61235747643
168	7.61195997209
169	7.61156380175
170	7.61116896093
171	7.61077544516
172	7.61038325
173	7.60999237102
174	7.6096028038
175	7.60921454394
176	7.60882758705
177	7.60844192875
178	7.6080575647
179	7.60767449055
180	7.60729270196
181	7.60691219463
182	7.60653296426
183	7.60615500655
184	7.60577831724
185	7.60540289207
186	7.6050287268
187	7.6046558172
188	7.60428415906
189	7.60391374818
190	7.60354458036
191	7.60317665145
192	7.60280995728
193	7.60244449371
194	7.6020802566
195	7.60171724185
196	7.60135544535
197	7.60099486301
198	7.60063549076
199	7.60027732453
200	7.59992036029
201	7.59956459399
202	7.59921002161
203	7.59885663916
204	7.59850444263
205	7.59815342804
206	7.59780359143
207	7.59745492885
208	7.59710743636
209	7.59676111002
210	7.59641594593
211	7.59607194018
212	7.5957290889
213	7.59538738819
214	7.59504683421
215	7.5947074231
216	7.59436915103
217	7.59403201417
218	7.59369600873
219	7.59336113089
220	7.59302737687
221	7.59269474291
222	7.59236322525
223	7.59203282013
224	7.59170352383
225	7.59137533262
226	7.5910482428
227	7.59072225067
228	7.59039735254
229	7.59007354474
230	7.58975082363
231	7.58942918553
232	7.58910862684
233	7.58878914391
234	7.58847073315
235	7.58815339094
236	7.58783711372
237	7.58752189789
238	7.58720773991
239	7.58689463622
240	7.58658258328
241	7.58627157757
242	7.58596161557
243	7.58565269378
244	7.58534480871
245	7.58503795688
246	7.58473213482
247	7.58442733907
248	7.5841235662
249	7.58382081277
250	7.58351907535
251	7.58321835054
252	7.58291863495
253	7.58261992517
254	7.58232221785
255	7.5820255096
256	7.58172979709
257	7.58143507697
258	7.58114134591
259	7.58084860058
260	7.58055683769
261	7.58026605393
262	7.57997624603
263	7.57968741069
264	7.57939954467
265	7.5791126447
266	7.57882670754
267	7.57854172997
268	7.57825770877
269	7.57797464072
270	7.57769252262
271	7.57741135129
272	7.57713112355
273	7.57685183624
274	7.57657348619
275	7.57629607026
276	7.57601958532
277	7.57574402825
278	7.57546939592
279	7.57519568524
280	7.57492289311
281	7.57465101645
282	7.57438005219
283	7.57410999727
284	7.57384084863
285	7.57357260323
286	7.57330525804
287	7.57303881005
288	7.57277325623
289	7.5725085936
290	7.57224481915
291	7.57198192991
292	7.5717199229
293	7.57145879517
294	7.57119854377
295	7.57093916575
296	7.57068065818
297	7.57042301815
298	7.57016624274
299	7.56991032905
300	7.56965527418
301	7.56940107526
302	7.56914772941
303	7.56889523377
304	7.56864358549
305	7.56839278172
306	7.56814281963
307	7.5678936964
308	7.5676454092
309	7.56739795524
310	7.56715133171
311	7.56690553583
312	7.56666056483
313	7.56641641593
314	7.56617308638
315	7.56593057342
316	7.56568887432
317	7.56544798634
318	7.56520790677
319	7.56496863288
320	7.56473016198
321	7.56449249137
322	7.56425561836
323	7.56401954029
324	7.56378425447
325	7.56354975825
326	7.56331604899
327	7.56308312404
328	7.56285098076
329	7.56261961655
330	7.56238902877
331	7.56215921483
332	7.56193017213
333	7.56170189807
334	7.56147439009
335	7.56124764561
336	7.56102166207
337	7.5607964369
338	7.56057196758
339	7.56034825156
340	7.56012528632
341	7.55990306933
342	7.55968159808
343	7.55946087008
344	7.55924088282
345	7.55902163382
346	7.55880312061
347	7.55858534071
348	7.55836829166
349	7.55815197101
350	7.55793637632
351	7.55772150515
352	7.55750735507
353	7.55729392367
354	7.55708120852
355	7.55686920723
356	7.5566579174
357	7.55644733664
358	7.55623746258
359	7.55602829283
360	7.55581982505
361	7.55561205687
362	7.55540498594
363	7.55519860993
364	7.5549929265
365	7.55478793332
366	7.55458362809
367	7.5543800085
368	7.55417707223
369	7.55397481701
370	7.55377324054
371	7.55357234054
372	7.55337211475
373	7.5531725609
374	7.55297367674
375	7.55277546002
376	7.5525779085
377	7.55238101995
378	7.55218479214
379	7.55198922286
380	7.55179430989
381	7.55160005104
382	7.55140644411
383	7.5512134869
384	7.55102117725
385	7.55082951297
386	7.55063849191
387	7.5504481119
388	7.55025837078
389	7.55006926643
390	7.54988079669
391	7.54969295945
392	7.54950575257
393	7.54931917395
394	7.54913322147
395	7.54894789303
396	7.54876318654
397	7.54857909992
398	7.54839563107
399	7.54821277793
400	7.54803053843
401	7.54784891052
402	7.54766789213
403	7.54748748123
404	7.54730767578
405	7.54712847373
406	7.54694987308
407	7.5467718718
408	7.54659446787
409	7.54641765931
410	7.54624144409
411	7.54606582025
412	7.54589078578
413	7.54571633871
414	7.54554247708
415	7.54536919892
416	7.54519650226
417	7.54502438516
418	7.54485284567
419	7.54468188186
420	7.54451149178
421	7.54434167353
422	7.54417242517
423	7.54400374479
424	7.5438356305
425	7.54366808038
426	7.54350109255
427	7.54333466512
428	7.54316879621
429	7.54300348394
430	7.54283872644
431	7.54267452186
432	7.54251086834
433	7.54234776403
434	7.54218520708
435	7.54202319567
436	7.54186172795
437	7.5417008021
438	7.54154041631
439	7.54138056876
440	7.54122125765
441	7.54106248118
442	7.54090423754
443	7.54074652497
444	7.54058934166
445	7.54043268585
446	7.54027655576
447	7.54012094963
448	7.53996586571
449	7.53981130224
450	7.53965725747
451	7.53950372966
452	7.53935071708
453	7.539198218
454	7.5390462307
455	7.53889475345
456	7.53874378455
457	7.53859332229
458	7.53844336497
459	7.5382939109
460	7.53814495838
461	7.53799650574
462	7.53784855129
463	7.53770109337
464	7.53755413031
465	7.53740766044
466	7.53726168211
467	7.53711619368
468	7.53697119349
469	7.53682667992
470	7.53668265132
471	7.53653910607
472	7.53639604255
473	7.53625345913
474	7.53611135422
475	7.5359697262
476	7.53582857348
477	7.53568789445
478	7.53554768753
479	7.53540795113
480	7.53526868368
481	7.5351298836
482	7.53499154933
483	7.53485367929
484	7.53471627194
485	7.53457932571
486	7.53444283906
487	7.53430681046
488	7.53417123835
489	7.53403612122
490	7.53390145753
491	7.53376724576
492	7.53363348439
493	7.53350017192
494	7.53336730684
495	7.53323488764
496	7.53310291283
497	7.53297138091
498	7.53284029041
499	7.53270963984
500	7.53257942772
501	7.53244965259
502	7.53232031296
503	7.5321914074
504	7.53206293443
505	7.53193489261
506	7.53180728048
507	7.53168009662
508	7.53155333957
509	7.53142700791
510	7.53130110021
511	7.53117561504
512	7.531050551
513	7.53092590666
514	7.53080168062
515	7.53067787147
516	7.53055447781
517	7.53043149826
518	7.53030893141
519	7.53018677589
520	7.53006503032
521	7.52994369331
522	7.52982276351
523	7.52970223953
524	7.52958212002
525	7.52946240363
526	7.529343089
527	7.52922417477
528	7.52910565961
529	7.52898754219
530	7.52886982115
531	7.52875249518
532	7.52863556294
533	7.52851902312
534	7.5284028744
535	7.52828711547
536	7.52817174502
537	7.52805676174
538	7.52794216433
539	7.52782795151
540	7.52771412197
541	7.52760067444
542	7.52748760763
543	7.52737492026
544	7.52726261107
545	7.52715067877
546	7.52703912211
547	7.52692793983
548	7.52681713067
549	7.52670669337
550	7.5265966267
551	7.5264869294
552	7.52637760023
553	7.52626863797
554	7.52616004137
555	7.52605180922
556	7.52594394029
557	7.52583643335
558	7.52572928721
559	7.52562250063
560	7.52551607243
561	7.52541000138
562	7.52530428631
563	7.52519892601
564	7.52509391929
565	7.52498926496
566	7.52488496185
567	7.52478100877
568	7.52467740454
569	7.52457414801
570	7.524471238
571	7.52436867334
572	7.52426645289
573	7.52416457548
574	7.52406303996
575	7.52396184519
576	7.52386099002
577	7.52376047331
578	7.52366029393
579	7.52356045075
580	7.52346094263
581	7.52336176845
582	7.52326292709
583	7.52316441744
584	7.52306623838
585	7.5229683888
586	7.52287086759
587	7.52277367366
588	7.52267680591
589	7.52258026324
590	7.52248404455
591	7.52238814877
592	7.52229257481
593	7.52219732159
594	7.52210238803
595	7.52200777306
596	7.52191347561
597	7.52181949462
598	7.52172582902
599	7.52163247775
600	7.52153943977
601	7.52144671401
602	7.52135429943
603	7.52126219499
604	7.52117039965
605	7.52107891236
606	7.5209877321
607	7.52089685783
608	7.52080628853
609	7.52071602318
610	7.52062606074
611	7.52053640022
612	7.52044704059
613	7.52035798084
614	7.52026921997
615	7.52018075698
616	7.52009259086
617	7.52000472062
618	7.51991714527
619	7.51982986381
620	7.51974287526
621	7.51965617864
622	7.51956977297
623	7.51948365727
624	7.51939783056
625	7.51931229189
626	7.51922704027
627	7.51914207476
628	7.51905739438
629	7.51897299818
630	7.51888888521
631	7.51880505452
632	7.51872150516
633	7.51863823618
634	7.51855524664
635	7.51847253562
636	7.51839010216
637	7.51830794535
638	7.51822606425
639	7.51814445793
640	7.51806312548
641	7.51798206598
642	7.5179012785
643	7.51782076214
644	7.51774051599
645	7.51766053914
646	7.51758083068
647	7.51750138972
648	7.51742221536
649	7.51734330671
650	7.51726466286
651	7.51718628294
652	7.51710816605
653	7.51703031132
654	7.51695271786
655	7.5168753848
656	7.51679831126
657	7.51672149638
658	7.51664493929
659	7.51656863911
660	7.51649259499
661	7.51641680607
662	7.51634127149
663	7.5162659904
664	7.51619096194
665	7.51611618528
666	7.51604165956
667	7.51596738395
668	7.5158933576
669	7.51581957967
670	7.51574604934
671	7.51567276577
672	7.51559972813
673	7.51552693561
674	7.51545438737
675	7.51538208259
676	7.51531002047
677	7.51523820018
678	7.51516662091
679	7.51509528186
680	7.51502418222
681	7.51495332118
682	7.51488269795
683	7.51481231173
684	7.51474216171
685	7.51467224711
686	7.51460256714
687	7.51453312102
688	7.51446390794
689	7.51439492714
690	7.51432617784
691	7.51425765925
692	7.51418937061
693	7.51412131114
694	7.51405348007
695	7.51398587664
696	7.51391850008
697	7.51385134963
698	7.51378442453
699	7.51371772403
700	7.51365124737
701	7.5135849938
702	7.51351896257
703	7.51345315294
704	7.51338756416
705	7.51332219549
706	7.51325704619
707	7.51319211553
708	7.51312740278
709	7.51306290719
710	7.51299862805
711	7.51293456462
712	7.51287071618
713	7.51280708202
714	7.5127436614
715	7.51268045362
716	7.51261745797
717	7.51255467372
718	7.51249210017
719	7.51242973661
720	7.51236758234
721	7.51230563665
722	7.51224389885
723	7.51218236824
724	7.51212104412
725	7.5120599258
726	7.51199901258
727	7.51193830379
728	7.51187779873
729	7.51181749673
730	7.51175739709
731	7.51169749914
732	7.5116378022
733	7.5115783056
734	7.51151900867
735	7.51145991074
736	7.51140101113
737	7.51134230919
738	7.51128380424
739	7.51122549563
740	7.51116738271
741	7.5111094648
742	7.51105174127
743	7.51099421145
744	7.51093687469
745	7.51087973035
746	7.51082277779
747	7.51076601635
748	7.5107094454
749	7.5106530643
750	7.51059687241
751	7.5105408691
752	7.51048505373
753	7.51042942567
754	7.51037398429
755	7.51031872897
756	7.51026365909
757	7.51020877401
758	7.51015407313
759	7.51009955581
760	7.51004522146
761	7.50999106944
762	7.50993709916
763	7.50988330999
764	7.50982970134
765	7.5097762726
766	7.50972302315
767	7.50966995241
768	7.50961705977
769	7.50956434464
770	7.50951180641
771	7.50945944449
772	7.5094072583
773	7.50935524724
774	7.50930341073
775	7.50925174818
776	7.509200259
777	7.50914894262
778	7.50909779845
779	7.50904682591
780	7.50899602444
781	7.50894539345
782	7.50889493238
783	7.50884464065
784	7.50879451769
785	7.50874456295
786	7.50869477585
787	7.50864515583
788	7.50859570233
789	7.50854641479
790	7.50849729266
791	7.50844833538
792	7.5083995424
793	7.50835091316
794	7.50830244711
795	7.50825414372
796	7.50820600243
797	7.5081580227
798	7.50811020398
799	7.50806254574
800	7.50801504744
801	7.50796770854
802	7.5079205285
803	7.5078735068
804	7.5078266429
805	7.50777993627
806	7.50773338638
807	7.50768699271
808	7.50764075474
809	7.50759467193
810	7.50754874378
811	7.50750296976
812	7.50745734935
813	7.50741188204
814	7.50736656732
815	7.50732140467
816	7.50727639358
817	7.50723153355
818	7.50718682406
819	7.50714226461
820	7.50709785471
821	7.50705359383
822	7.5070094815
823	7.5069655172
824	7.50692170045
825	7.50687803074
826	7.50683450758
827	7.50679113048
828	7.50674789895
829	7.50670481251
830	7.50666187066
831	7.50661907291
832	7.5065764188
833	7.50653390783
834	7.50649153952
835	7.5064493134
836	7.50640722898
837	7.5063652858
838	7.50632348338
839	7.50628182124
840	7.50624029891
841	7.50619891594
842	7.50615767184
843	7.50611656615
844	7.50607559841
845	7.50603476816
846	7.50599407492
847	7.50595351826
848	7.50591309769
849	7.50587281278
850	7.50583266306
851	7.50579264807
852	7.50575276738
853	7.50571302052
854	7.50567340705
855	7.50563392652
856	7.50559457848
857	7.5055553625
858	7.50551627811
859	7.5054773249
860	7.5054385024
861	7.50539981019
862	7.50536124783
863	7.50532281489
864	7.50528451092
865	7.50524633549
866	7.50520828818
867	7.50517036856
868	7.50513257618
869	7.50509491064
870	7.5050573715
871	7.50501995834
872	7.50498267074
873	7.50494550826
874	7.50490847051
875	7.50487155705
876	7.50483476747
877	7.50479810135
878	7.50476155828
879	7.50472513784
880	7.50468883963
881	7.50465266324
882	7.50461660825
883	7.50458067426
884	7.50454486085
885	7.50450916764
886	7.50447359421
887	7.50443814016
888	7.5044028051
889	7.50436758861
890	7.50433249031
891	7.5042975098
892	7.50426264667
893	7.50422790055
894	7.50419327103
895	7.50415875773
896	7.50412436025
897	7.5040900782
898	7.50405591121
899	7.50402185887
900	7.50398792081
901	7.50395409665
902	7.503920386
903	7.50388678847
904	7.5038533037
905	7.5038199313
906	7.5037866709
907	7.50375352212
908	7.50372048458
909	7.50368755791
910	7.50365474174
911	7.5036220357
912	7.50358943942
913	7.50355695253
914	7.50352457466
915	7.50349230545
916	7.50346014454
917	7.50342809155
918	7.50339614613
919	7.50336430792
920	7.50333257655
921	7.50330095168
922	7.50326943293
923	7.50323801996
924	7.5032067124
925	7.50317550992
926	7.50314441214
927	7.50311341873
928	7.50308252933
929	7.50305174359
930	7.50302106117
931	7.50299048172
932	7.50296000488
933	7.50292963033
934	7.50289935771
935	7.50286918668
936	7.50283911691
937	7.50280914804
938	7.50277927975
939	7.5027495117
940	7.50271984354
941	7.50269027495
942	7.50266080559
943	7.50263143513
944	7.50260216323
945	7.50257298956
946	7.5025439138
947	7.50251493562
948	7.50248605468
949	7.50245727067
950	7.50242858325
951	7.50239999211
952	7.50237149692
953	7.50234309735
954	7.50231479309
955	7.50228658382
956	7.50225846922
957	7.50223044896
958	7.50220252274
959	7.50217469024
960	7.50214695114
961	7.50211930514
962	7.50209175191
963	7.50206429115
964	7.50203692254
965	7.50200964578
966	7.50198246056
967	7.50195536657
968	7.50192836351
969	7.50190145107
970	7.50187462894
971	7.50184789683
972	7.50182125442
973	7.50179470143
974	7.50176823755
975	7.50174186248
976	7.50171557592
977	7.50168937757
978	7.50166326715
979	7.50163724435
980	7.50161130888
981	7.50158546045
982	7.50155969876
983	7.50153402353
984	7.50150843446
985	7.50148293127
986	7.50145751367
987	7.50143218136
988	7.50140693407
989	7.5013817715
990	7.50135669338
991	7.50133169942
992	7.50130678934
993	7.50128196285
994	7.50125721968
995	7.50123255955
996	7.50120798217
997	7.50118348728
998	7.50115907458
999	7.50113474382
1000	7.5011104947
1001	7.50108632697
1002	7.50106224033
1003	7.50103823454
1004	7.5010143093
1005	7.50099046435
1006	7.50096669943
1007	7.50094301426
1008	7.50091940858
1009	7.50089588211
1010	7.5008724346
1011	7.50084906578
1012	7.50082577538
1013	7.50080256314
1014	7.5007794288
1015	7.50075637209
1016	7.50073339277
1017	7.50071049056
1018	7.5006876652
1019	7.50066491645
1020	7.50064224404
1021	7.50061964772
1022	7.50059712723
1023	7.50057468232
1024	7.50055231273
1025	7.50053001821
1026	7.50050779851
1027	7.50048565338
1028	7.50046358256
1029	7.50044158582
1030	7.50041966289
1031	7.50039781353
1032	7.5003760375
1033	7.50035433455
1034	7.50033270443
1035	7.5003111469
1036	7.50028966172
1037	7.50026824864
1038	7.50024690741
1039	7.50022563781
1040	7.50020443959
1041	7.50018331251
1042	7.50016225633
1043	7.50014127081
1044	7.50012035572
1045	7.50009951081
1046	7.50007873586
1047	7.50005803063
1048	7.50003739489
1049	7.5000168284
1050	7.49999633092
1051	7.49997590224
1052	7.49995554211
1053	7.49993525031
1054	7.4999150266
1055	7.49989487077
1056	7.49987478258
1057	7.4998547618
1058	7.49983480821
1059	7.49981492158
1060	7.49979510169
1061	7.49977534832
1062	7.49975566124
1063	7.49973604022
1064	7.49971648505
1065	7.49969699551
1066	7.49967757137
1067	7.49965821242
1068	7.49963891843
1069	7.4996196892
1070	7.49960052449
1071	7.49958142411
1072	7.49956238782
1073	7.49954341541
1074	7.49952450668
1075	7.4995056614
1076	7.49948687937
1077	7.49946816036
1078	7.49944950418
1079	7.4994309106
1080	7.49941237943
1081	7.49939391044
1082	7.49937550343
1083	7.4993571582
1084	7.49933887453
1085	7.49932065222
1086	7.49930249106
1087	7.49928439085
1088	7.49926635138
1089	7.49924837245
1090	7.49923045386
1091	7.4992125954
1092	7.49919479688
1093	7.49917705808
1094	7.49915937881
1095	7.49914175888
1096	7.49912419807
1097	7.4991066962
1098	7.49908925306
1099	7.49907186846
1100	7.49905454221
1101	7.49903727409
1102	7.49902006393
1103	7.49900291153
1104	7.49898581668
1105	7.49896877921
1106	7.49895179891
1107	7.4989348756
1108	7.49891800908
1109	7.49890119916
1110	7.49888444565
1111	7.49886774837
1112	7.49885110713
1113	7.49883452173
1114	7.49881799199
1115	7.49880151772
1116	7.49878509874
1117	7.49876873486
1118	7.4987524259
1119	7.49873617166
1120	7.49871997198
1121	7.49870382666
1122	7.49868773552
1123	7.49867169839
1124	7.49865571507
1125	7.49863978539
1126	7.49862390917
1127	7.49860808623
1128	7.49859231639
1129	7.49857659948
1130	7.4985609353
1131	7.4985453237
1132	7.49852976449
1133	7.49851425749
1134	7.49849880253
1135	7.49848339944
1136	7.49846804804
1137	7.49845274816
1138	7.49843749962
1139	7.49842230226
1140	7.4984071559
1141	7.49839206037
1142	7.49837701549
1143	7.49836202111
1144	7.49834707705
1145	7.49833218314
1146	7.49831733921
1147	7.49830254509
1148	7.49828780063
1149	7.49827310564
1150	7.49825845997
1151	7.49824386345
1152	7.49822931592
1153	7.49821481721
1154	7.49820036715
1155	7.49818596558
1156	7.49817161235
1157	7.49815730728
1158	7.49814305023
1159	7.49812884101
1160	7.49811467948
1161	7.49810056548
1162	7.49808649884
1163	7.49807247941
1164	7.49805850703
1165	7.49804458154
1166	7.49803070278
1167	7.4980168706
1168	7.49800308483
1169	7.49798934533
1170	7.49797565194
1171	7.49796200451
1172	7.49794840287
1173	7.49793484688
1174	7.49792133638
1175	7.49790787122
1176	7.49789445125
1177	7.49788107632
1178	7.49786774627
1179	7.49785446096
1180	7.49784122023
1181	7.49782802393
1182	7.49781487193
1183	7.49780176406
1184	7.49778870017
1185	7.49777568013
1186	7.49776270379
1187	7.49774977099
1188	7.49773688159
1189	7.49772403545
1190	7.49771123242
1191	7.49769847235
1192	7.49768575511
1193	7.49767308055
1194	7.49766044852
1195	7.49764785888
1196	7.49763531149
1197	7.49762280621
1198	7.4976103429
1199	7.49759792141
1200	7.49758554161
1201	7.49757320336
1202	7.49756090651
1203	7.49754865093
1204	7.49753643647
1205	7.49752426301
1206	7.4975121304
1207	7.49750003851
1208	7.4974879872
1209	7.49747597632
1210	7.49746400576
1211	7.49745207537
1212	7.49744018502
1213	7.49742833457
1214	7.49741652389
1215	7.49740475284
1216	7.4973930213
1217	7.49738132913
1218	7.4973696762
1219	7.49735806237
1220	7.49734648752
1221	7.49733495151
1222	7.49732345422
1223	7.49731199551
1224	7.49730057525
1225	7.49728919332
1226	7.49727784959
1227	7.49726654393
1228	7.4972552762
1229	7.49724404629
1230	7.49723285407
1231	7.49722169941
1232	7.49721058218
1233	7.49719950226
1234	7.49718845952
1235	7.49717745385
1236	7.4971664851
1237	7.49715555317
1238	7.49714465792
1239	7.49713379924
1240	7.497122977
1241	7.49711219108
1242	7.49710144135
1243	7.4970907277
1244	7.49708005
1245	7.49706940814
1246	7.49705880199
1247	7.49704823143
1248	7.49703769635
1249	7.49702719662
1250	7.49701673213
1251	7.49700630276
1252	7.49699590839
1253	7.4969855489
1254	7.49697522417
1255	7.4969649341
1256	7.49695467855
1257	7.49694445743
1258	7.4969342706
1259	7.49692411796
1260	7.4969139994
1261	7.49690391479
1262	7.49689386402
1263	7.49688384698
1264	7.49687386356
1265	7.49686391365
1266	7.49685399712
1267	7.49684411387
1268	7.4968342638
1269	7.49682444677
1270	7.49681466269
1271	7.49680491145
1272	7.49679519293
1273	7.49678550703
1274	7.49677585363
1275	7.49676623263
1276	7.49675664391
1277	7.49674708737
1278	7.49673756291
1279	7.49672807041
1280	7.49671860976
1281	7.49670918086
1282	7.49669978361
1283	7.49669041789
1284	7.49668108361
1285	7.49667178064
1286	7.4966625089
1287	7.49665326828
1288	7.49664405866
1289	7.49663487995
1290	7.49662573205
1291	7.49661661484
1292	7.49660752823
1293	7.49659847212
1294	7.49658944639
1295	7.49658045096
1296	7.49657148571
1297	7.49656255055
1298	7.49655364538
1299	7.49654477009
1300	7.49653592459
1301	7.49652710877
1302	7.49651832254
1303	7.49650956579
1304	7.49650083843
1305	7.49649214036
1306	7.49648347147
1307	7.49647483168
1308	7.49646622089
1309	7.49645763899
1310	7.49644908589
1311	7.4964405615
1312	7.49643206571
1313	7.49642359843
1314	7.49641515957
1315	7.49640674903
1316	7.49639836672
1317	7.49639001253
1318	7.49638168638
1319	7.49637338818
1320	7.49636511782
1321	7.49635687521
1322	7.49634866027
1323	7.4963404729
1324	7.496332313
1325	7.49632418049
1326	7.49631607527
1327	7.49630799724
1328	7.49629994633
1329	7.49629192244
1330	7.49628392547
1331	7.49627595535
1332	7.49626801196
1333	7.49626009524
1334	7.49625220508
1335	7.49624434141
1336	7.49623650412
1337	7.49622869313
1338	7.49622090836
1339	7.49621314971
1340	7.4962054171
1341	7.49619771044
1342	7.49619002965
1343	7.49618237462
1344	7.49617474529
1345	7.49616714156
1346	7.49615956335
1347	7.49615201058
1348	7.49614448314
1349	7.49613698097
1350	7.49612950398
1351	7.49612205208
1352	7.49611462519
1353	7.49610722322
1354	7.49609984609
1355	7.49609249372
1356	7.49608516602
1357	7.49607786291
1358	7.49607058431
1359	7.49606333014
1360	7.49605610031
1361	7.49604889475
1362	7.49604171337
1363	7.49603455608
1364	7.49602742282
1365	7.4960203135
1366	7.49601322803
1367	7.49600616634
1368	7.49599912835
1369	7.49599211398
1370	7.49598512315
1371	7.49597815578
1372	7.49597121179
1373	7.49596429111
1374	7.49595739365
1375	7.49595051934
1376	7.4959436681
1377	7.49593683985
1378	7.49593003451
1379	7.49592325201
1380	7.49591649228
1381	7.49590975523
1382	7.49590304079
1383	7.49589634888
1384	7.49588967943
1385	7.49588303236
1386	7.4958764076
1387	7.49586980507
1388	7.4958632247
1389	7.49585666641
1390	7.49585013013
1391	7.49584361579
1392	7.49583712331
1393	7.49583065261
1394	7.49582420364
1395	7.4958177763
1396	7.49581137053
1397	7.49580498626
1398	7.49579862342
1399	7.49579228193
1400	7.49578596172
1401	7.49577966272
1402	7.49577338486
1403	7.49576712807
1404	7.49576089227
1405	7.49575467741
1406	7.49574848339
1407	7.49574231017
1408	7.49573615766
1409	7.4957300258
1410	7.49572391452
1411	7.49571782375
1412	7.49571175341
1413	7.49570570345
1414	7.49569967379
1415	7.49569366437
1416	7.49568767511
1417	7.49568170596
1418	7.49567575683
1419	7.49566982767
1420	7.49566391841
1421	7.49565802898
1422	7.49565215931
1423	7.49564630934
1424	7.49564047901
1425	7.49563466824
1426	7.49562887697
1427	7.49562310513
1428	7.49561735267
1429	7.49561161951
1430	7.49560590559
1431	7.49560021085
1432	7.49559453521
1433	7.49558887863
1434	7.49558324102
1435	7.49557762234
1436	7.49557202251
1437	7.49556644148
1438	7.49556087917
1439	7.49555533553
1440	7.4955498105
1441	7.49554430401
1442	7.49553881599
1443	7.4955333464
1444	7.49552789515
1445	7.49552246221
1446	7.49551704749
1447	7.49551165095
1448	7.49550627252
1449	7.49550091213
1450	7.49549556974
1451	7.49549024528
1452	7.49548493868
1453	7.49547964989
1454	7.49547437885
1455	7.4954691255
1456	7.49546388978
1457	7.49545867163
1458	7.49545347099
1459	7.49544828781
1460	7.49544312202
1461	7.49543797356
1462	7.49543284239
1463	7.49542772843
1464	7.49542263163
1465	7.49541755194
1466	7.4954124893
1467	7.49540744365
1468	7.49540241493
1469	7.49539740308
1470	7.49539240806
1471	7.49538742979
1472	7.49538246824
1473	7.49537752333
1474	7.49537259502
1475	7.49536768325
1476	7.49536278796
1477	7.4953579091
1478	7.49535304662
1479	7.49534820045
1480	7.49534337055
1481	7.49533855685
1482	7.49533375931
1483	7.49532897787
1484	7.49532421247
1485	7.49531946307
1486	7.4953147296
1487	7.49531001202
1488	7.49530531028
1489	7.49530062431
1490	7.49529595407
1491	7.4952912995
1492	7.49528666055
1493	7.49528203716
1494	7.4952774293
1495	7.4952728369
1496	7.49526825991
1497	7.49526369828
1498	7.49525915195
1499	7.49525462089
1500	7.49525010503
1501	7.49524560433
1502	7.49524111873
1503	7.49523664818
1504	7.49523219264
1505	7.49522775204
1506	7.49522332636
1507	7.49521891552
1508	7.49521451948
1509	7.4952101382
1510	7.49520577162
1511	7.4952014197
1512	7.49519708238
1513	7.49519275962
1514	7.49518845136
1515	7.49518415756
1516	7.49517987817
1517	7.49517561314
1518	7.49517136243
1519	7.49516712598
1520	7.49516290375
1521	7.49515869568
1522	7.49515450174
1523	7.49515032188
1524	7.49514615604
1525	7.49514200418
1526	7.49513786625
1527	7.49513374221
1528	7.49512963202
1529	7.49512553561
1530	7.49512145295
1531	7.495117384
1532	7.49511332869
1533	7.495109287
1534	7.49510525887
1535	7.49510124426
1536	7.49509724312
1537	7.49509325541
1538	7.49508928108
1539	7.49508532009
1540	7.49508137239
1541	7.49507743794
1542	7.4950735167
1543	7.49506960861
1544	7.49506571364
1545	7.49506183174
1546	7.49505796287
1547	7.49505410698
1548	7.49505026403
1549	7.49504643398
1550	7.49504261678
1551	7.49503881239
1552	7.49503502077
1553	7.49503124187
1554	7.49502747566
1555	7.49502372208
1556	7.4950199811
1557	7.49501625267
1558	7.49501253676
1559	7.49500883332
1560	7.4950051423
1561	7.49500146368
1562	7.4949977974
1563	7.49499414342
1564	7.4949905017
1565	7.49498687221
1566	7.49498325489
1567	7.49497964972
1568	7.49497605664
1569	7.49497247562
1570	7.49496890662
1571	7.4949653496
1572	7.49496180452
1573	7.49495827133
1574	7.49495474999
1575	7.49495124048
1576	7.49494774274
1577	7.49494425674
1578	7.49494078245
1579	7.4949373198
1580	7.49493386878
1581	7.49493042935
1582	7.49492700145
1583	7.49492358506
1584	7.49492018013
1585	7.49491678663
1586	7.49491340452
1587	7.49491003376
1588	7.49490667431
1589	7.49490332613
1590	7.49489998919
1591	7.49489666345
1592	7.49489334887
1593	7.49489004541
1594	7.49488675304
1595	7.49488347172
1596	7.49488020141
1597	7.49487694207
1598	7.49487369368
1599	7.49487045618
1600	7.49486722955
1601	7.49486401375
1602	7.49486080874
1603	7.49485761448
1604	7.49485443095
1605	7.4948512581
1606	7.4948480959
1607	7.4948449443
1608	7.49484180329
1609	7.49483867282
1610	7.49483555285
1611	7.49483244335
1612	7.49482934429
1613	7.49482625563
1614	7.49482317733
1615	7.49482010936
1616	7.49481705169
1617	7.49481400428
1618	7.4948109671
1619	7.49480794011
1620	7.49480492328
1621	7.49480191657
1622	7.49479891996
1623	7.4947959334
1624	7.49479295686
1625	7.49478999031
1626	7.49478703372
1627	7.49478408705
1628	7.49478115026
1629	7.49477822334
1630	7.49477530623
1631	7.49477239892
1632	7.49476950136
1633	7.49476661353
1634	7.49476373538
1635	7.4947608669
1636	7.49475800804
1637	7.49475515878
1638	7.49475231908
1639	7.49474948891
1640	7.49474666823
1641	7.49474385703
1642	7.49474105525
1643	7.49473826288
1644	7.49473547988
1645	7.49473270622
1646	7.49472994187
1647	7.4947271868
1648	7.49472444097
1649	7.49472170435
1650	7.49471897692
1651	7.49471625864
1652	7.49471354949
1653	7.49471084943
1654	7.49470815842
1655	7.49470547645
1656	7.49470280348
1657	7.49470013948
1658	7.49469748442
1659	7.49469483827
1660	7.494692201
1661	7.49468957258
1662	7.49468695298
1663	7.49468434217
1664	7.49468174013
1665	7.49467914681
1666	7.4946765622
1667	7.49467398627
1668	7.49467141898
1669	7.4946688603
1670	7.49466631021
1671	7.49466376868
1672	7.49466123567
1673	7.49465871117
1674	7.49465619514
1675	7.49465368756
1676	7.49465118838
1677	7.4946486976
1678	7.49464621517
1679	7.49464374108
1680	7.49464127529
1681	7.49463881777
1682	7.4946363685
1683	7.49463392745
1684	7.4946314946
1685	7.4946290699
1686	7.49462665335
1687	7.4946242449
1688	7.49462184454
1689	7.49461945223
1690	7.49461706795
1691	7.49461469167
1692	7.49461232336
1693	7.49460996301
1694	7.49460761057
1695	7.49460526603
1696	7.49460292936
1697	7.49460060053
1698	7.49459827952
1699	7.49459596629
1700	7.49459366083
1701	7.4945913631
1702	7.49458907309
1703	7.49458679076
1704	7.49458451609
1705	7.49458224905
1706	7.49457998962
1707	7.49457773777
1708	7.49457549348
1709	7.49457325673
1710	7.49457102747
1711	7.4945688057
1712	7.49456659139
1713	7.49456438451
1714	7.49456218503
1715	7.49455999293
1716	7.4945578082
1717	7.49455563079
1718	7.49455346069
1719	7.49455129787
1720	7.49454914231
1721	7.49454699399
1722	7.49454485287
1723	7.49454271894
1724	7.49454059217
1725	7.49453847254
1726	7.49453636002
1727	7.49453425459
1728	7.49453215623
1729	7.49453006491
1730	7.49452798061
1731	7.4945259033
1732	7.49452383296
1733	7.49452176957
1734	7.49451971311
1735	7.49451766355
1736	7.49451562086
1737	7.49451358503
1738	7.49451155603
1739	7.49450953385
1740	7.49450751844
1741	7.49450550981
1742	7.49450350791
1743	7.49450151273
1744	7.49449952424
1745	7.49449754243
1746	7.49449556727
1747	7.49449359874
1748	7.49449163682
1749	7.49448968148
1750	7.4944877327
1751	7.49448579046
1752	7.49448385474
1753	7.49448192551
1754	7.49448000276
1755	7.49447808646
1756	7.4944761766
1757	7.49447427314
1758	7.49447237607
1759	7.49447048537
1760	7.49446860101
1761	7.49446672297
1762	7.49446485124
1763	7.49446298579
1764	7.4944611266
1765	7.49445927365
1766	7.49445742692
1767	7.49445558638
1768	7.49445375202
1769	7.49445192382
1770	7.49445010175
1771	7.4944482858
1772	7.49444647594
1773	7.49444467216
1774	7.49444287443
1775	7.49444108273
1776	7.49443929704
1777	7.49443751735
1778	7.49443574363
1779	7.49443397586
1780	7.49443221403
1781	7.49443045811
1782	7.49442870808
1783	7.49442696392
1784	7.49442522562
1785	7.49442349315
1786	7.49442176649
1787	7.49442004563
1788	7.49441833054
1789	7.49441662121
1790	7.49441491762
1791	7.49441321974
1792	7.49441152756
1793	7.49440984106
1794	7.49440816022
1795	7.49440648502
1796	7.49440481544
1797	7.49440315147
1798	7.49440149308
1799	7.49439984025
1800	7.49439819297
1801	7.49439655122
1802	7.49439491498
1803	7.49439328423
1804	7.49439165896
1805	7.49439003913
1806	7.49438842475
1807	7.49438681578
1808	7.49438521221
1809	7.49438361402
1810	7.4943820212
1811	7.49438043372
1812	7.49437885156
1813	7.49437727472
1814	7.49437570317
1815	7.4943741369
1816	7.49437257588
1817	7.49437102009
1818	7.49436946953
1819	7.49436792418
1820	7.49436638401
1821	7.49436484901
1822	7.49436331915
1823	7.49436179444
1824	7.49436027484
1825	7.49435876034
1826	7.49435725092
1827	7.49435574657
1828	7.49435424727
1829	7.49435275299
1830	7.49435126374
1831	7.49434977948
1832	7.4943483002
1833	7.49434682589
1834	7.49434535652
1835	7.49434389208
1836	7.49434243256
1837	7.49434097794
1838	7.4943395282
1839	7.49433808332
1840	7.4943366433
1841	7.4943352081
1842	7.49433377772
1843	7.49433235215
1844	7.49433093135
1845	7.49432951533
1846	7.49432810406
1847	7.49432669752
1848	7.4943252957
1849	7.49432389859
1850	7.49432250616
1851	7.49432111841
1852	7.49431973532
1853	7.49431835687
1854	7.49431698304
1855	7.49431561382
1856	7.4943142492
1857	7.49431288916
1858	7.49431153369
1859	7.49431018276
1860	7.49430883636
1861	7.49430749449
1862	7.49430615711
1863	7.49430482423
1864	7.49430349582
1865	7.49430217186
1866	7.49430085235
1867	7.49429953727
1868	7.4942982266
1869	7.49429692033
1870	7.49429561844
1871	7.49429432092
1872	7.49429302776
1873	7.49429173894
1874	7.49429045444
1875	7.49428917425
1876	7.49428789836
1877	7.49428662675
1878	7.49428535941
1879	7.49428409632
1880	7.49428283747
1881	7.49428158284
1882	7.49428033243
1883	7.49427908621
1884	7.49427784417
1885	7.4942766063
1886	7.49427537259
1887	7.49427414301
1888	7.49427291756
1889	7.49427169623
1890	7.49427047899
1891	7.49426926584
1892	7.49426805676
1893	7.49426685174
1894	7.49426565076
1895	7.49426445381
1896	7.49426326088
1897	7.49426207195
1898	7.49426088701
1899	7.49425970605
1900	7.49425852905
1901	7.494257356
1902	7.49425618689
1903	7.4942550217
1904	7.49425386042
1905	7.49425270304
1906	7.49425154954
1907	7.49425039992
1908	7.49424925415
1909	7.49424811223
1910	7.49424697414
1911	7.49424583987
1912	7.4942447094
1913	7.49424358273
1914	7.49424245984
1915	7.49424134072
1916	7.49424022535
1917	7.49423911373
1918	7.49423800584
1919	7.49423690166
1920	7.4942358012
1921	7.49423470442
1922	7.49423361132
1923	7.4942325219
1924	7.49423143613
1925	7.494230354
1926	7.49422927551
1927	7.49422820063
1928	7.49422712936
1929	7.49422606169
1930	7.4942249976
1931	7.49422393708
1932	7.49422288012
1933	7.4942218267
1934	7.49422077682
1935	7.49421973047
1936	7.49421868763
1937	7.49421764828
1938	7.49421661243
1939	7.49421558005
1940	7.49421455113
1941	7.49421352567
1942	7.49421250365
1943	7.49421148506
1944	7.49421046989
1945	7.49420945812
1946	7.49420844975
1947	7.49420744476
1948	7.49420644315
1949	7.4942054449
1950	7.49420445
1951	7.49420345843
1952	7.4942024702
1953	7.49420148528
1954	7.49420050366
1955	7.49419952534
1956	7.49419855031
1957	7.49419757854
1958	7.49419661004
1959	7.49419564479
1960	7.49419468277
1961	7.49419372399
1962	7.49419276842
1963	7.49419181606
1964	7.49419086689
1965	7.49418992091
1966	7.49418897811
1967	7.49418803847
1968	7.49418710198
1969	7.49418616864
1970	7.49418523842
1971	7.49418431133
1972	7.49418338735
1973	7.49418246647
1974	7.49418154869
1975	7.49418063398
1976	7.49417972234
1977	7.49417881376
1978	7.49417790823
1979	7.49417700574
1980	7.49417610628
1981	7.49417520983
1982	7.4941743164
1983	7.49417342596
1984	7.49417253851
1985	7.49417165404
1986	7.49417077254
1987	7.49416989399
1988	7.4941690184
1989	7.49416814574
1990	7.49416727601
1991	7.4941664092
1992	7.4941655453
1993	7.4941646843
1994	7.49416382618
1995	7.49416297095
1996	7.49416211859
1997	7.49416126909
1998	7.49416042243
1999	7.49415957862
2000	7.49415873765
2001	7.49415789949
2002	7.49415706415
2003	7.49415623161
2004	7.49415540186
2005	7.4941545749
2006	7.49415375071
2007	7.49415292929
2008	7.49415211063
2009	7.49415129471
2010	7.49415048153
2011	7.49414967109
2012	7.49414886336
2013	7.49414805834
2014	7.49414725602
2015	7.4941464564
2016	7.49414565945
2017	7.49414486519
2018	7.49414407359
2019	7.49414328464
2020	7.49414249834
2021	7.49414171469
2022	7.49414093366
2023	7.49414015525
2024	7.49413937946
2025	7.49413860626
2026	7.49413783567
2027	7.49413706766
2028	7.49413630222
2029	7.49413553936
2030	7.49413477906
2031	7.4941340213
2032	7.49413326609
2033	7.49413251342
2034	7.49413176327
2035	7.49413101564
2036	7.49413027051
2037	7.49412952789
2038	7.49412878776
2039	7.49412805011
2040	7.49412731494
2041	7.49412658224
2042	7.49412585199
2043	7.4941251242
2044	7.49412439885
2045	7.49412367593
2046	7.49412295544
2047	7.49412223736
2048	7.4941215217
2049	7.49412080844
2050	7.49412009757
2051	7.49411938909
2052	7.49411868298
2053	7.49411797925
2054	7.49411727787
2055	7.49411657885
2056	7.49411588218
2057	7.49411518784
2058	7.49411449583
2059	7.49411380615
2060	7.49411311878
2061	7.49411243372
2062	7.49411175095
2063	7.49411107048
2064	7.49411039229
2065	7.49410971638
2066	7.49410904274
2067	7.49410837135
2068	7.49410770222
2069	7.49410703534
2070	7.49410637069
2071	7.49410570827
2072	7.49410504808
2073	7.4941043901
2074	7.49410373433
2075	7.49410308076
2076	7.49410242939
2077	7.4941017802
2078	7.49410113319
2079	7.49410048835
2080	7.49409984567
2081	7.49409920515
2082	7.49409856678
2083	7.49409793056
2084	7.49409729646
2085	7.4940966645
2086	7.49409603466
2087	7.49409540693
2088	7.4940947813
2089	7.49409415778
2090	7.49409353635
2091	7.494092917
2092	7.49409229974
2093	7.49409168454
2094	7.49409107141
2095	7.49409046034
2096	7.49408985131
2097	7.49408924434
2098	7.49408863939
2099	7.49408803648
2100	7.49408743559
2101	7.49408683672
2102	7.49408623986
2103	7.494085645
2104	7.49408505214
2105	7.49408446127
2106	7.49408387238
2107	7.49408328546
2108	7.49408270052
2109	7.49408211754
2110	7.49408153651
2111	7.49408095744
2112	7.49408038031
2113	7.49407980511
2114	7.49407923185
2115	7.49407866051
2116	7.49407809108
2117	7.49407752357
2118	7.49407695796
2119	7.49407639425
2120	7.49407583244
2121	7.4940752725
2122	7.49407471445
2123	7.49407415827
2124	7.49407360396
2125	7.4940730515
2126	7.4940725009
2127	7.49407195215
2128	7.49407140524
2129	7.49407086016
2130	7.49407031692
2131	7.4940697755
2132	7.49406923589
2133	7.49406869809
2134	7.4940681621
2135	7.49406762791
2136	7.49406709551
2137	7.4940665649
2138	7.49406603607
2139	7.49406550902
2140	7.49406498373
2141	7.4940644602
2142	7.49406393843
2143	7.49406341842
2144	7.49406290015
2145	7.49406238361
2146	7.49406186881
2147	7.49406135574
2148	7.49406084439
2149	7.49406033476
2150	7.49405982684
2151	7.49405932062
2152	7.4940588161
2153	7.49405831327
2154	7.49405781213
2155	7.49405731267
2156	7.49405681489
2157	7.49405631878
2158	7.49405582433
2159	7.49405533155
2160	7.49405484042
2161	7.49405435093
2162	7.49405386309
2163	7.49405337688
2164	7.49405289231
2165	7.49405240936
2166	7.49405192804
2167	7.49405144833
2168	7.49405097022
2169	7.49405049373
2170	7.49405001883
2171	7.49404954553
2172	7.49404907381
2173	7.49404860368
2174	7.49404813512
2175	7.49404766814
2176	7.49404720273
2177	7.49404673887
2178	7.49404627658
2179	7.49404581583
2180	7.49404535663
2181	7.49404489897
2182	7.49404444285
2183	7.49404398826
2184	7.4940435352
2185	7.49404308365
2186	7.49404263362
2187	7.4940421851
2188	7.49404173809
2189	7.49404129257
2190	7.49404084855
2191	7.49404040602
2192	7.49403996498
2193	7.49403952542
2194	7.49403908733
2195	7.49403865071
2196	7.49403821556
2197	7.49403778186
2198	7.49403734963
2199	7.49403691884
2200	7.4940364895
2201	7.4940360616
2202	7.49403563513
2203	7.4940352101
2204	7.49403478649
2205	7.49403436431
2206	7.49403394354
2207	7.49403352418
2208	7.49403310623
2209	7.49403268969
2210	7.49403227454
2211	7.49403186078
2212	7.49403144842
2213	7.49403103743
2214	7.49403062783
2215	7.4940302196
2216	7.49402981274
2217	7.49402940725
2218	7.49402900311
2219	7.49402860034
2220	7.49402819891
2221	7.49402779883
2222	7.4940274001
2223	7.4940270027
2224	7.49402660664
2225	7.4940262119
2226	7.4940258185
2227	7.49402542641
2228	7.49402503563
2229	7.49402464617
2230	7.49402425802
2231	7.49402387116
2232	7.49402348561
2233	7.49402310135
2234	7.49402271838
2235	7.49402233669
2236	7.49402195629
2237	7.49402157716
2238	7.4940211993
2239	7.49402082272
2240	7.49402044739
2241	7.49402007333
2242	7.49401970052
2243	7.49401932896
2244	7.49401895865
2245	7.49401858958
2246	7.49401822175
2247	7.49401785516
2248	7.49401748979
2249	7.49401712565
2250	7.49401676274
2251	7.49401640104
2252	7.49401604055
2253	7.49401568128
2254	7.49401532321
2255	7.49401496634
2256	7.49401461067
2257	7.49401425619
2258	7.49401390291
2259	7.4940135508
2260	7.49401319988
2261	7.49401285014
2262	7.49401250157
2263	7.49401215417
2264	7.49401180794
2265	7.49401146287
2266	7.49401111896
2267	7.4940107762
2268	7.49401043459
2269	7.49401009413
2270	7.49400975481
2271	7.49400941663
2272	7.49400907958
2273	7.49400874367
2274	7.49400840888
2275	7.49400807522
2276	7.49400774267
2277	7.49400741124
2278	7.49400708093
2279	7.49400675172
2280	7.49400642362
2281	7.49400609662
2282	7.49400577071
2283	7.4940054459
2284	7.49400512218
2285	7.49400479955
2286	7.494004478
2287	7.49400415752
2288	7.49400383813
2289	7.4940035198
2290	7.49400320255
2291	7.49400288635
2292	7.49400257122
2293	7.49400225715
2294	7.49400194413
2295	7.49400163216
2296	7.49400132124
2297	7.49400101136
2298	7.49400070252
2299	7.49400039472
2300	7.49400008795
2301	7.49399978221
2302	7.4939994775
2303	7.49399917381
2304	7.49399887114
2305	7.49399856948
2306	7.49399826884
2307	7.4939979692
2308	7.49399767057
2309	7.49399737295
2310	7.49399707632
2311	7.49399678068
2312	7.49399648604
2313	7.49399619239
2314	7.49399589973
2315	7.49399560804
2316	7.49399531734
2317	7.49399502761
2318	7.49399473885
2319	7.49399445106
2320	7.49399416424
2321	7.49399387838
2322	7.49399359348
2323	7.49399330953
2324	7.49399302654
2325	7.4939927445
2326	7.4939924634
2327	7.49399218325
2328	7.49399190404
2329	7.49399162577
2330	7.49399134842
2331	7.49399107201
2332	7.49399079653
2333	7.49399052197
2334	7.49399024834
2335	7.49398997562
2336	7.49398970381
2337	7.49398943292
2338	7.49398916294
2339	7.49398889386
2340	7.49398862569
2341	7.49398835842
2342	7.49398809204
2343	7.49398782656
2344	7.49398756197
2345	7.49398729827
2346	7.49398703545
2347	7.49398677351
2348	7.49398651245
2349	7.49398625227
2350	7.49398599296
2351	7.49398573453
2352	7.49398547696
2353	7.49398522025
2354	7.49398496441
2355	7.49398470942
2356	7.49398445529
2357	7.49398420201
2358	7.49398394958
2359	7.493983698
2360	7.49398344727
2361	7.49398319737
2362	7.49398294832
2363	7.4939827001
2364	7.49398245271
2365	7.49398220615
2366	7.49398196042
2367	7.49398171552
2368	7.49398147144
2369	7.49398122817
2370	7.49398098572
2371	7.49398074409
2372	7.49398050327
2373	7.49398026325
2374	7.49398002404
2375	7.49397978564
2376	7.49397954803
2377	7.49397931122
2378	7.49397907521
2379	7.49397883998
2380	7.49397860555
2381	7.49397837191
2382	7.49397813904
2383	7.49397790696
2384	7.49397767566
2385	7.49397744514
2386	7.49397721538
2387	7.4939769864
2388	7.49397675819
2389	7.49397653074
2390	7.49397630406
2391	7.49397607814
2392	7.49397585297
2393	7.49397562856
2394	7.49397540491
2395	7.493975182
2396	7.49397495985
2397	7.49397473843
2398	7.49397451777
2399	7.49397429784
2400	7.49397407865
2401	7.49397386019
2402	7.49397364247
2403	7.49397342548
2404	7.49397320922
2405	7.49397299368
2406	7.49397277887
2407	7.49397256478
2408	7.4939723514
2409	7.49397213875
2410	7.4939719268
2411	7.49397171557
2412	7.49397150505
2413	7.49397129523
2414	7.49397108612
2415	7.4939708777
2416	7.49397066999
2417	7.49397046298
2418	7.49397025666
2419	7.49397005103
2420	7.49396984609
2421	7.49396964184
2422	7.49396943828
2423	7.49396923539
2424	7.49396903319
2425	7.49396883167
2426	7.49396863083
2427	7.49396843065
2428	7.49396823115
2429	7.49396803232
2430	7.49396783416
2431	7.49396763666
2432	7.49396743983
2433	7.49396724365
2434	7.49396704814
2435	7.49396685328
2436	7.49396665907
2437	7.49396646551
2438	7.49396627261
2439	7.49396608035
2440	7.49396588874
2441	7.49396569777
2442	7.49396550744
2443	7.49396531775
2444	7.4939651287
2445	7.49396494028
2446	7.49396475249
2447	7.49396456534
2448	7.49396437881
2449	7.4939641929
2450	7.49396400763
2451	7.49396382297
2452	7.49396363893
2453	7.49396345551
2454	7.49396327271
2455	7.49396309052
2456	7.49396290894
2457	7.49396272797
2458	7.49396254761
2459	7.49396236785
2460	7.4939621887
2461	7.49396201015
2462	7.49396183219
2463	7.49396165484
2464	7.49396147808
2465	7.49396130191
2466	7.49396112633
2467	7.49396095134
2468	7.49396077694
2469	7.49396060313
2470	7.4939604299
2471	7.49396025725
2472	7.49396008518
2473	7.49395991368
2474	7.49395974277
2475	7.49395957242
2476	7.49395940265
2477	7.49395923345
2478	7.49395906481
2479	7.49395889674
2480	7.49395872924
2481	7.4939585623
2482	7.49395839591
2483	7.49395823009
2484	7.49395806482
2485	7.49395790011
2486	7.49395773595
2487	7.49395757234
2488	7.49395740928
2489	7.49395724677
2490	7.4939570848
2491	7.49395692337
2492	7.49395676249
2493	7.49395660215
2494	7.49395644234
2495	7.49395628308
2496	7.49395612434
2497	7.49395596614
2498	7.49395580847
2499	7.49395565133
2500	7.49395549472
2501	7.49395533863
2502	7.49395518306
2503	7.49395502802
2504	7.4939548735
2505	7.4939547195
2506	7.49395456601
2507	7.49395441304
2508	7.49395426058
2509	7.49395410864
2510	7.4939539572
2511	7.49395380627
2512	7.49395365585
2513	7.49395350593
2514	7.49395335652
2515	7.49395320761
2516	7.49395305919
2517	7.49395291128
2518	7.49395276386
2519	7.49395261694
2520	7.49395247051
2521	7.49395232457
2522	7.49395217912
2523	7.49395203416
2524	7.49395188968
2525	7.49395174569
2526	7.49395160219
2527	7.49395145916
2528	7.49395131662
2529	7.49395117455
2530	7.49395103296
2531	7.49395089185
2532	7.49395075121
2533	7.49395061104
2534	7.49395047134
2535	7.49395033211
2536	7.49395019335
2537	7.49395005505
2538	7.49394991722
2539	7.49394977985
2540	7.49394964294
2541	7.49394950649
2542	7.49394937049
2543	7.49394923496
2544	7.49394909988
2545	7.49394896525
2546	7.49394883108
2547	7.49394869735
2548	7.49394856407
2549	7.49394843124
2550	7.49394829886
2551	7.49394816692
2552	7.49394803543
2553	7.49394790437
2554	7.49394777375
2555	7.49394764358
2556	7.49394751384
2557	7.49394738453
2558	7.49394725566
2559	7.49394712722
2560	7.49394699922
2561	7.49394687164
2562	7.49394674449
2563	7.49394661777
2564	7.49394649147
2565	7.4939463656
2566	7.49394624014
2567	7.49394611511
2568	7.4939459905
2569	7.49394586631
2570	7.49394574253
2571	7.49394561917
2572	7.49394549623
2573	7.49394537369
2574	7.49394525157
2575	7.49394512986
2576	7.49394500855
2577	7.49394488766
2578	7.49394476717
2579	7.49394464708
2580	7.49394452739
2581	7.49394440811
2582	7.49394428923
2583	7.49394417075
2584	7.49394405266
2585	7.49394393497
2586	7.49394381768
2587	7.49394370078
2588	7.49394358427
2589	7.49394346815
2590	7.49394335242
2591	7.49394323708
2592	7.49394312213
2593	7.49394300757
2594	7.49394289338
2595	7.49394277958
2596	7.49394266617
2597	7.49394255313
2598	7.49394244047
2599	7.4939423282
2600	7.49394221629
2601	7.49394210477
2602	7.49394199361
2603	7.49394188284
2604	7.49394177243
2605	7.49394166239
2606	7.49394155272
2607	7.49394144342
2608	7.49394133449
2609	7.49394122592
2610	7.49394111772
2611	7.49394100988
2612	7.4939409024
2613	7.49394079529
2614	7.49394068853
2615	7.49394058213
2616	7.49394047609
2617	7.4939403704
2618	7.49394026507
2619	7.49394016009
2620	7.49394005546
2621	7.49393995119
2622	7.49393984726
2623	7.49393974369
2624	7.49393964046
2625	7.49393953758
2626	7.49393943504
2627	7.49393933285
2628	7.493939231
2629	7.49393912949
2630	7.49393902832
2631	7.49393892749
2632	7.493938827
2633	7.49393872685
2634	7.49393862703
2635	7.49393852755
2636	7.49393842841
2637	7.49393832959
2638	7.49393823111
2639	7.49393813296
2640	7.49393803513
2641	7.49393793764
2642	7.49393784047
2643	7.49393774363
2644	7.49393764711
2645	7.49393755092
2646	7.49393745505
2647	7.4939373595
2648	7.49393726427
2649	7.49393716937
2650	7.49393707478
2651	7.4939369805
2652	7.49393688655
2653	7.49393679291
2654	7.49393669958
2655	7.49393660657
2656	7.49393651387
2657	7.49393642148
2658	7.4939363294
2659	7.49393623763
2660	7.49393614617
2661	7.49393605501
2662	7.49393596416
2663	7.49393587362
2664	7.49393578337
2665	7.49393569344
2666	7.4939356038
2667	7.49393551446
2668	7.49393542543
2669	7.49393533669
2670	7.49393524825
2671	7.49393516011
2672	7.49393507226
2673	7.49393498471
2674	7.49393489745
2675	7.49393481049
2676	7.49393472382
2677	7.49393463743
2678	7.49393455134
2679	7.49393446554
2680	7.49393438002
2681	7.49393429479
2682	7.49393420985
2683	7.49393412519
2684	7.49393404082
2685	7.49393395673
2686	7.49393387292
2687	7.49393378939
2688	7.49393370615
2689	7.49393362318
2690	7.49393354049
2691	7.49393345808
2692	7.49393337595
2693	7.49393329409
2694	7.4939332125
2695	7.49393313119
2696	7.49393305015
2697	7.49393296939
2698	7.49393288889
2699	7.49393280867
2700	7.49393272871
2701	7.49393264903
2702	7.49393256961
2703	7.49393249046
2704	7.49393241157
2705	7.49393233295
2706	7.49393225459
2707	7.49393217649
2708	7.49393209866
2709	7.49393202108
2710	7.49393194377
2711	7.49393186672
2712	7.49393178993
2713	7.49393171339
2714	7.49393163711
2715	7.49393156109
2716	7.49393148532
2717	7.4939314098
2718	7.49393133454
2719	7.49393125953
2720	7.49393118478
2721	7.49393111027
2722	7.49393103602
2723	7.49393096201
2724	7.49393088825
2725	7.49393081474
2726	7.49393074148
2727	7.49393066846
2728	7.49393059569
2729	7.49393052316
2730	7.49393045087
2731	7.49393037883
2732	7.49393030703
2733	7.49393023547
2734	7.49393016415
2735	7.49393009307
2736	7.49393002223
2737	7.49392995162
2738	7.49392988126
2739	7.49392981112
2740	7.49392974123
2741	7.49392967157
2742	7.49392960214
2743	7.49392953295
2744	7.49392946398
2745	7.49392939525
2746	7.49392932675
2747	7.49392925848
2748	7.49392919044
2749	7.49392912263
2750	7.49392905504
2751	7.49392898769
2752	7.49392892055
2753	7.49392885365
2754	7.49392878696
2755	7.4939287205
2756	7.49392865427
2757	7.49392858826
2758	7.49392852246
2759	7.49392845689
2760	7.49392839154
2761	7.49392832641
2762	7.4939282615
2763	7.4939281968
2764	7.49392813232
2765	7.49392806806
2766	7.49392800402
2767	7.49392794018
2768	7.49392787657
2769	7.49392781316
2770	7.49392774997
2771	7.49392768699
2772	7.49392762423
2773	7.49392756167
2774	7.49392749932
2775	7.49392743719
2776	7.49392737526
2777	7.49392731354
2778	7.49392725202
2779	7.49392719071
2780	7.49392712961
2781	7.49392706872
2782	7.49392700802
2783	7.49392694753
2784	7.49392688725
2785	7.49392682717
2786	7.49392676728
2787	7.4939267076
2788	7.49392664812
2789	7.49392658884
2790	7.49392652976
2791	7.49392647088
2792	7.49392641219
2793	7.4939263537
2794	7.49392629541
2795	7.49392623731
2796	7.49392617941
2797	7.4939261217
2798	7.49392606419
2799	7.49392600686
2800	7.49392594974
2801	7.4939258928
2802	7.49392583605
2803	7.4939257795
2804	7.49392572313
2805	7.49392566695
2806	7.49392561097
2807	7.49392555517
2808	7.49392549955
2809	7.49392544413
2810	7.49392538889
2811	7.49392533383
2812	7.49392527896
2813	7.49392522427
2814	7.49392516977
2815	7.49392511545
2816	7.49392506131
2817	7.49392500736
2818	7.49392495358
2819	7.49392489999
2820	7.49392484658
2821	7.49392479334
2822	7.49392474028
2823	7.49392468741
2824	7.4939246347
2825	7.49392458218
2826	7.49392452983
2827	7.49392447766
2828	7.49392442566
2829	7.49392437384
2830	7.49392432219
2831	7.49392427072
2832	7.49392421941
2833	7.49392416828
2834	7.49392411733
2835	7.49392406654
2836	7.49392401592
2837	7.49392396547
2838	7.4939239152
2839	7.49392386509
2840	7.49392381514
2841	7.49392376537
2842	7.49392371576
2843	7.49392366632
2844	7.49392361705
2845	7.49392356794
2846	7.493923519
2847	7.49392347022
2848	7.4939234216
2849	7.49392337315
2850	7.49392332486
2851	7.49392327673
2852	7.49392322876
2853	7.49392318096
2854	7.49392313331
2855	7.49392308583
2856	7.4939230385
2857	7.49392299133
2858	7.49392294432
2859	7.49392289747
2860	7.49392285078
2861	7.49392280424
2862	7.49392275786
2863	7.49392271163
2864	7.49392266556
2865	7.49392261965
2866	7.49392257389
2867	7.49392252828
2868	7.49392248282
2869	7.49392243752
2870	7.49392239237
2871	7.49392234737
2872	7.49392230252
2873	7.49392225783
2874	7.49392221328
2875	7.49392216888
2876	7.49392212463
2877	7.49392208053
2878	7.49392203658
2879	7.49392199277
2880	7.49392194912
2881	7.4939219056
2882	7.49392186224
2883	7.49392181902
2884	7.49392177594
2885	7.49392173301
2886	7.49392169023
2887	7.49392164759
2888	7.49392160509
2889	7.49392156273
2890	7.49392152051
2891	7.49392147844
2892	7.49392143651
2893	7.49392139472
2894	7.49392135307
2895	7.49392131156
2896	7.49392127018
2897	7.49392122895
2898	7.49392118786
2899	7.4939211469
2900	7.49392110608
2901	7.4939210654
2902	7.49392102485
2903	7.49392098444
2904	7.49392094417
2905	7.49392090403
2906	7.49392086403
2907	7.49392082416
2908	7.49392078442
2909	7.49392074482
2910	7.49392070535
2911	7.49392066601
2912	7.4939206268
2913	7.49392058773
2914	7.49392054879
2915	7.49392050998
2916	7.49392047129
2917	7.49392043274
2918	7.49392039432
2919	7.49392035603
2920	7.49392031786
2921	7.49392027982
2922	7.49392024191
2923	7.49392020413
2924	7.49392016648
2925	7.49392012895
2926	7.49392009154
2927	7.49392005427
2928	7.49392001711
2929	7.49391998009
2930	7.49391994318
2931	7.4939199064
2932	7.49391986975
2933	7.49391983321
2934	7.4939197968
2935	7.49391976052
2936	7.49391972435
2937	7.4939196883
2938	7.49391965238
2939	7.49391961658
2940	7.49391958089
2941	7.49391954533
2942	7.49391950988
2943	7.49391947456
2944	7.49391943935
2945	7.49391940426
2946	7.49391936929
2947	7.49391933444
2948	7.4939192997
2949	7.49391926508
2950	7.49391923058
2951	7.49391919619
2952	7.49391916192
2953	7.49391912776
2954	7.49391909371
2955	7.49391905979
2956	7.49391902597
2957	7.49391899227
2958	7.49391895868
2959	7.4939189252
2960	7.49391889184
2961	7.49391885859
2962	7.49391882545
2963	7.49391879242
2964	7.4939187595
2965	7.4939187267
2966	7.493918694
2967	7.49391866141
2968	7.49391862893
2969	7.49391859656
2970	7.4939185643
2971	7.49391853215
2972	7.49391850011
2973	7.49391846817
2974	7.49391843634
2975	7.49391840462
2976	7.493918373
2977	7.49391834149
2978	7.49391831009
2979	7.49391827879
2980	7.49391824759
2981	7.4939182165
2982	7.49391818552
2983	7.49391815464
2984	7.49391812386
2985	7.49391809319
2986	7.49391806262
2987	7.49391803215
2988	7.49391800178
2989	7.49391797152
2990	7.49391794135
2991	7.49391791129
2992	7.49391788133
2993	7.49391785147
2994	7.49391782171
2995	7.49391779205
2996	7.49391776249
2997	7.49391773303
2998	7.49391770367
2999	7.4939176744
3000	7.49391764524
3001	7.49391761617
3002	7.4939175872
3003	7.49391755832
3004	7.49391752955
3005	7.49391750087
3006	7.49391747229
3007	7.4939174438
3008	7.49391741541
3009	7.49391738711
3010	7.49391735891
3011	7.4939173308
3012	7.49391730279
3013	7.49391727487
3014	7.49391724704
3015	7.49391721931
3016	7.49391719167
3017	7.49391716413
3018	7.49391713668
3019	7.49391710931
3020	7.49391708204
3021	7.49391705487
3022	7.49391702778
3023	7.49391700078
3024	7.49391697388
3025	7.49391694706
3026	7.49391692034
3027	7.4939168937
3028	7.49391686716
3029	7.4939168407
3030	7.49391681433
3031	7.49391678805
3032	7.49391676186
3033	7.49391673576
3034	7.49391670974
3035	7.49391668382
3036	7.49391665797
3037	7.49391663222
3038	7.49391660655
3039	7.49391658097
3040	7.49391655547
3041	7.49391653006
3042	7.49391650474
3043	7.4939164795
3044	7.49391645434
3045	7.49391642927
3046	7.49391640428
3047	7.49391637938
3048	7.49391635456
3049	7.49391632982
3050	7.49391630517
3051	7.4939162806
3052	7.49391625611
3053	7.4939162317
3054	7.49391620738
3055	7.49391618314
3056	7.49391615897
3057	7.49391613489
3058	7.4939161109
3059	7.49391608698
3060	7.49391606314
3061	7.49391603938
3062	7.4939160157
3063	7.4939159921
3064	7.49391596858
3065	7.49391594514
3066	7.49391592178
3067	7.49391589849
3068	7.49391587529
3069	7.49391585216
3070	7.49391582911
3071	7.49391580614
3072	7.49391578324
3073	7.49391576042
3074	7.49391573768
3075	7.49391571501
3076	7.49391569242
3077	7.49391566991
3078	7.49391564747
3079	7.4939156251
3080	7.49391560282
3081	7.4939155806
3082	7.49391555846
3083	7.4939155364
3084	7.49391551441
3085	7.49391549249
3086	7.49391547065
3087	7.49391544888
3088	7.49391542718
3089	7.49391540556
3090	7.493915384
3091	7.49391536252
3092	7.49391534112
3093	7.49391531978
3094	7.49391529852
3095	7.49391527733
3096	7.4939152562
3097	7.49391523515
3098	7.49391521417
3099	7.49391519326
3100	7.49391517242
3101	7.49391515166
3102	7.49391513096
3103	7.49391511033
3104	7.49391508976
3105	7.49391506927
3106	7.49391504885
3107	7.4939150285
3108	7.49391500821
3109	7.49391498799
3110	7.49391496784
3111	7.49391494776
3112	7.49391492774
3113	7.49391490779
3114	7.49391488791
3115	7.4939148681
3116	7.49391484835
3117	7.49391482867
3118	7.49391480905
3119	7.4939147895
3120	7.49391477002
3121	7.4939147506
3122	7.49391473125
3123	7.49391471196
3124	7.49391469273
3125	7.49391467357
3126	7.49391465448
3127	7.49391463545
3128	7.49391461648
3129	7.49391459758
3130	7.49391457874
3131	7.49391455996
3132	7.49391454124
3133	7.49391452259
3134	7.49391450401
3135	7.49391448548
3136	7.49391446701
3137	7.49391444861
3138	7.49391443027
3139	7.49391441199
3140	7.49391439378
3141	7.49391437562
3142	7.49391435752
3143	7.49391433949
3144	7.49391432152
3145	7.4939143036
3146	7.49391428575
3147	7.49391426796
3148	7.49391425022
3149	7.49391423255
3150	7.49391421493
3151	7.49391419738
3152	7.49391417988
3153	7.49391416244
3154	7.49391414506
3155	7.49391412774
3156	7.49391411047
3157	7.49391409327
3158	7.49391407612
3159	7.49391405903
3160	7.493914042
3161	7.49391402502
3162	7.4939140081
3163	7.49391399124
3164	7.49391397444
3165	7.49391395769
3166	7.49391394099
3167	7.49391392436
3168	7.49391390778
3169	7.49391389125
3170	7.49391387478
3171	7.49391385837
3172	7.49391384201
3173	7.4939138257
3174	7.49391380945
3175	7.49391379326
3176	7.49391377712
3177	7.49391376103
3178	7.493913745
3179	7.49391372902
3180	7.49391371309
3181	7.49391369722
3182	7.4939136814
3183	7.49391366564
3184	7.49391364992
3185	7.49391363426
3186	7.49391361866
3187	7.4939136031
3188	7.4939135876
3189	7.49391357215
3190	7.49391355675
3191	7.4939135414
3192	7.49391352611
3193	7.49391351086
3194	7.49391349567
3195	7.49391348053
3196	7.49391346544
3197	7.49391345039
3198	7.4939134354
3199	7.49391342046
3200	7.49391340557
3201	7.49391339073
3202	7.49391337594
3203	7.4939133612
3204	7.49391334651
3205	7.49391333187
3206	7.49391331728
3207	7.49391330273
3208	7.49391328824
3209	7.49391327379
3210	7.4939132594
3211	7.49391324505
3212	7.49391323075
3213	7.49391321649
3214	7.49391320229
3215	7.49391318813
3216	7.49391317402
3217	7.49391315996
3218	7.49391314594
3219	7.49391313197
3220	7.49391311805
3221	7.49391310418
3222	7.49391309035
3223	7.49391307656
3224	7.49391306283
3225	7.49391304914
3226	7.4939130355
3227	7.4939130219
3228	7.49391300835
3229	7.49391299484
3230	7.49391298138
3231	7.49391296796
3232	7.49391295459
3233	7.49391294126
3234	7.49391292798
3235	7.49391291474
3236	7.49391290155
3237	7.4939128884
3238	7.4939128753
3239	7.49391286224
3240	7.49391284922
3241	7.49391283625
3242	7.49391282332
3243	7.49391281043
3244	7.49391279759
3245	7.49391278479
3246	7.49391277203
3247	7.49391275932
3248	7.49391274665
3249	7.49391273402
3250	7.49391272143
3251	7.49391270889
3252	7.49391269639
3253	7.49391268393
3254	7.49391267151
3255	7.49391265913
3256	7.4939126468
3257	7.49391263451
3258	7.49391262225
3259	7.49391261004
3260	7.49391259787
3261	7.49391258574
3262	7.49391257365
3263	7.49391256161
3264	7.4939125496
3265	7.49391253763
3266	7.4939125257
3267	7.49391251382
3268	7.49391250197
3269	7.49391249016
3270	7.49391247839
3271	7.49391246667
3272	7.49391245498
3273	7.49391244333
3274	7.49391243172
3275	7.49391242014
3276	7.49391240861
3277	7.49391239712
3278	7.49391238566
3279	7.49391237424
3280	7.49391236287
3281	7.49391235153
3282	7.49391234022
3283	7.49391232896
3284	7.49391231773
3285	7.49391230654
3286	7.49391229539
3287	7.49391228428
3288	7.4939122732
3289	7.49391226216
3290	7.49391225116
3291	7.49391224019
3292	7.49391222926
3293	7.49391221837
3294	7.49391220751
3295	7.49391219669
3296	7.49391218591
3297	7.49391217516
3298	7.49391216445
3299	7.49391215378
3300	7.49391214314
3301	7.49391213254
3302	7.49391212197
3303	7.49391211144
3304	7.49391210094
3305	7.49391209048
3306	7.49391208005
3307	7.49391206966
3308	7.4939120593
3309	7.49391204898
3310	7.49391203869
3311	7.49391202844
3312	7.49391201822
3313	7.49391200804
3314	7.49391199789
3315	7.49391198777
3316	7.49391197769
3317	7.49391196764
3318	7.49391195763
3319	7.49391194765
3320	7.4939119377
3321	7.49391192779
3322	7.49391191791
3323	7.49391190806
3324	7.49391189824
3325	7.49391188846
3326	7.49391187871
3327	7.493911869
3328	7.49391185932
3329	7.49391184966
3330	7.49391184005
3331	7.49391183046
3332	7.49391182091
3333	7.49391181138
3334	7.49391180189
3335	7.49391179244
3336	7.49391178301
3337	7.49391177362
3338	7.49391176425
3339	7.49391175492
3340	7.49391174562
3341	7.49391173635
3342	7.49391172711
3343	7.49391171791
3344	7.49391170873
3345	7.49391169958
3346	7.49391169047
3347	7.49391168138
3348	7.49391167233
3349	7.49391166331
3350	7.49391165431
3351	7.49391164535
3352	7.49391163642
3353	7.49391162752
3354	7.49391161864
3355	7.4939116098
3356	7.49391160099
3357	7.4939115922
3358	7.49391158345
3359	7.49391157472
3360	7.49391156603
3361	7.49391155736
3362	7.49391154872
3363	7.49391154012
3364	7.49391153154
3365	7.49391152298
3366	7.49391151446
3367	7.49391150597
3368	7.4939114975
3369	7.49391148907
3370	7.49391148066
3371	7.49391147228
3372	7.49391146393
3373	7.4939114556
3374	7.49391144731
3375	7.49391143904
3376	7.4939114308
3377	7.49391142259
3378	7.4939114144
3379	7.49391140624
3380	7.49391139811
3381	7.49391139001
3382	7.49391138193
3383	7.49391137389
3384	7.49391136586
3385	7.49391135787
3386	7.4939113499
3387	7.49391134196
3388	7.49391133405
3389	7.49391132616
3390	7.4939113183
3391	7.49391131046
3392	7.49391130265
3393	7.49391129487
3394	7.49391128711
3395	7.49391127938
3396	7.49391127168
3397	7.493911264
3398	7.49391125635
3399	7.49391124872
3400	7.49391124112
3401	7.49391123354
3402	7.49391122599
3403	7.49391121846
3404	7.49391121096
3405	7.49391120349
3406	7.49391119604
3407	7.49391118861
3408	7.49391118121
3409	7.49391117384
3410	7.49391116649
3411	7.49391115916
3412	7.49391115186
3413	7.49391114459
3414	7.49391113733
3415	7.49391113011
3416	7.4939111229
3417	7.49391111572
3418	7.49391110857
3419	7.49391110144
3420	7.49391109433
3421	7.49391108724
3422	7.49391108018
3423	7.49391107315
3424	7.49391106614
3425	7.49391105915
3426	7.49391105218
3427	7.49391104524
3428	7.49391103832
3429	7.49391103143
3430	7.49391102455
3431	7.4939110177
3432	7.49391101088
3433	7.49391100407
3434	7.49391099729
3435	7.49391099054
3436	7.4939109838
3437	7.49391097709
3438	7.4939109704
3439	7.49391096373
3440	7.49391095708
3441	7.49391095046
3442	7.49391094386
3443	7.49391093728
3444	7.49391093073
3445	7.49391092419
3446	7.49391091768
3447	7.49391091119
3448	7.49391090472
3449	7.49391089827
3450	7.49391089185
3451	7.49391088544
3452	7.49391087906
3453	7.4939108727
3454	7.49391086636
3455	7.49391086004
3456	7.49391085374
3457	7.49391084747
3458	7.49391084121
3459	7.49391083498
3460	7.49391082876
3461	7.49391082257
3462	7.4939108164
3463	7.49391081025
3464	7.49391080412
3465	7.49391079801
3466	7.49391079192
3467	7.49391078585
3468	7.4939107798
3469	7.49391077378
3470	7.49391076777
3471	7.49391076178
3472	7.49391075581
3473	7.49391074986
3474	7.49391074394
3475	7.49391073803
3476	7.49391073214
3477	7.49391072627
3478	7.49391072043
3479	7.4939107146
3480	7.49391070879
3481	7.493910703
3482	7.49391069723
3483	7.49391069148
3484	7.49391068574
3485	7.49391068003
3486	7.49391067434
3487	7.49391066866
3488	7.49391066301
3489	7.49391065737
3490	7.49391065176
3491	7.49391064616
3492	7.49391064058
3493	7.49391063502
3494	7.49391062948
3495	7.49391062395
3496	7.49391061845
3497	7.49391061296
3498	7.49391060749
3499	7.49391060204
3500	7.49391059661
3501	7.4939105912
3502	7.4939105858
3503	7.49391058043
3504	7.49391057507
3505	7.49391056973
3506	7.4939105644
3507	7.4939105591
3508	7.49391055381
3509	7.49391054854
3510	7.49391054329
3511	7.49391053805
3512	7.49391053284
3513	7.49391052764
3514	7.49391052246
3515	7.49391051729
3516	7.49391051215
3517	7.49391050702
3518	7.4939105019
3519	7.49391049681
3520	7.49391049173
3521	7.49391048667
3522	7.49391048162
3523	7.4939104766
3524	7.49391047159
3525	7.49391046659
3526	7.49391046162
3527	7.49391045666
3528	7.49391045171
3529	7.49391044678
3530	7.49391044187
3531	7.49391043698
3532	7.4939104321
3533	7.49391042724
3534	7.4939104224
3535	7.49391041757
3536	7.49391041276
3537	7.49391040796
3538	7.49391040318
3539	7.49391039842
3540	7.49391039367
3541	7.49391038893
3542	7.49391038422
3543	7.49391037952
3544	7.49391037483
3545	7.49391037016
3546	7.49391036551
3547	7.49391036087
3548	7.49391035625
3549	7.49391035164
3550	7.49391034705
3551	7.49391034248
3552	7.49391033792
3553	7.49391033337
3554	7.49391032884
3555	7.49391032433
3556	7.49391031983
3557	7.49391031534
3558	7.49391031087
3559	7.49391030642
3560	7.49391030198
3561	7.49391029756
3562	7.49391029315
3563	7.49391028875
3564	7.49391028437
3565	7.49391028001
3566	7.49391027566
3567	7.49391027132
3568	7.493910267
3569	7.49391026269
3570	7.4939102584
3571	7.49391025412
3572	7.49391024986
3573	7.49391024561
3574	7.49391024137
3575	7.49391023715
3576	7.49391023294
3577	7.49391022875
3578	7.49391022457
3579	7.49391022041
3580	7.49391021626
3581	7.49391021212
3582	7.493910208
3583	7.49391020389
3584	7.49391019979
3585	7.49391019571
3586	7.49391019164
3587	7.49391018759
3588	7.49391018355
3589	7.49391017952
3590	7.49391017551
3591	7.49391017151
3592	7.49391016752
3593	7.49391016355
3594	7.49391015959
3595	7.49391015564
3596	7.49391015171
3597	7.49391014779
3598	7.49391014388
3599	7.49391013999
3600	7.49391013611
3601	7.49391013224
3602	7.49391012838
3603	7.49391012454
3604	7.49391012071
3605	7.4939101169
3606	7.49391011309
3607	7.4939101093
3608	7.49391010552
3609	7.49391010176
3610	7.49391009801
3611	7.49391009427
3612	7.49391009054
3613	7.49391008682
3614	7.49391008312
3615	7.49391007943
3616	7.49391007575
3617	7.49391007209
3618	7.49391006844
3619	7.49391006479
3620	7.49391006117
3621	7.49391005755
3622	7.49391005395
3623	7.49391005035
3624	7.49391004677
3625	7.49391004321
3626	7.49391003965
3627	7.4939100361
3628	7.49391003257
3629	7.49391002905
3630	7.49391002554
3631	7.49391002205
3632	7.49391001856
3633	7.49391001509
3634	7.49391001163
3635	7.49391000818
3636	7.49391000474
3637	7.49391000131
3638	7.4939099979
3639	7.49390999449
3640	7.4939099911
3641	7.49390998772
3642	7.49390998435
3643	7.49390998099
3644	7.49390997764
3645	7.49390997431
3646	7.49390997098
3647	7.49390996767
3648	7.49390996437
3649	7.49390996107
3650	7.49390995779
3651	7.49390995452
3652	7.49390995127
3653	7.49390994802
3654	7.49390994478
3655	7.49390994156
3656	7.49390993834
3657	7.49390993514
3658	7.49390993194
3659	7.49390992876
3660	7.49390992559
3661	7.49390992243
3662	7.49390991928
3663	7.49390991614
3664	7.49390991301
3665	7.49390990989
3666	7.49390990678
3667	7.49390990368
3668	7.49390990059
3669	7.49390989752
3670	7.49390989445
3671	7.49390989139
3672	7.49390988834
3673	7.49390988531
3674	7.49390988228
3675	7.49390987927
3676	7.49390987626
3677	7.49390987326
3678	7.49390987028
3679	7.4939098673
3680	7.49390986434
3681	7.49390986138
3682	7.49390985844
3683	7.4939098555
3684	7.49390985257
3685	7.49390984966
3686	7.49390984675
3687	7.49390984385
3688	7.49390984097
3689	7.49390983809
3690	7.49390983522
3691	7.49390983236
3692	7.49390982951
3693	7.49390982668
3694	7.49390982385
3695	7.49390982103
3696	7.49390981822
3697	7.49390981542
3698	7.49390981262
3699	7.49390980984
3700	7.49390980707
3701	7.4939098043
3702	7.49390980155
3703	7.49390979881
3704	7.49390979607
3705	7.49390979334
3706	7.49390979063
3707	7.49390978792
3708	7.49390978522
3709	7.49390978253
3710	7.49390977985
3711	7.49390977717
3712	7.49390977451
3713	7.49390977186
3714	7.49390976921
3715	7.49390976657
3716	7.49390976395
3717	7.49390976133
3718	7.49390975872
3719	7.49390975612
3720	7.49390975352
3721	7.49390975094
3722	7.49390974836
3723	7.4939097458
3724	7.49390974324
3725	7.49390974069
3726	7.49390973815
3727	7.49390973562
3728	7.49390973309
3729	7.49390973058
3730	7.49390972807
3731	7.49390972557
3732	7.49390972308
3733	7.4939097206
3734	7.49390971813
3735	7.49390971566
3736	7.49390971321
3737	7.49390971076
3738	7.49390970832
3739	7.49390970588
3740	7.49390970346
3741	7.49390970104
3742	7.49390969864
3743	7.49390969624
3744	7.49390969385
3745	7.49390969146
3746	7.49390968909
3747	7.49390968672
3748	7.49390968436
3749	7.49390968201
3750	7.49390967966
3751	7.49390967733
3752	7.493909675
3753	7.49390967268
3754	7.49390967037
3755	7.49390966806
3756	7.49390966576
3757	7.49390966347
3758	7.49390966119
3759	7.49390965892
3760	7.49390965665
3761	7.49390965439
3762	7.49390965214
3763	7.4939096499
3764	7.49390964766
3765	7.49390964543
3766	7.49390964321
3767	7.493909641
3768	7.49390963879
3769	7.49390963659
3770	7.4939096344
3771	7.49390963222
3772	7.49390963004
3773	7.49390962787
3774	7.49390962571
3775	7.49390962355
3776	7.49390962141
3777	7.49390961927
3778	7.49390961713
3779	7.49390961501
3780	7.49390961289
3781	7.49390961078
3782	7.49390960867
3783	7.49390960657
3784	7.49390960448
3785	7.4939096024
3786	7.49390960032
3787	7.49390959825
3788	7.49390959619
3789	7.49390959413
3790	7.49390959208
3791	7.49390959004
3792	7.49390958801
3793	7.49390958598
3794	7.49390958396
3795	7.49390958194
3796	7.49390957993
3797	7.49390957793
3798	7.49390957594
3799	7.49390957395
3800	7.49390957197
3801	7.49390956999
3802	7.49390956803
3803	7.49390956606
3804	7.49390956411
3805	7.49390956216
3806	7.49390956022
3807	7.49390955828
3808	7.49390955636
3809	7.49390955443
3810	7.49390955252
3811	7.49390955061
3812	7.49390954871
3813	7.49390954681
3814	7.49390954492
3815	7.49390954303
3816	7.49390954116
3817	7.49390953929
3818	7.49390953742
3819	7.49390953556
3820	7.49390953371
3821	7.49390953186
3822	7.49390953002
3823	7.49390952819
3824	7.49390952636
3825	7.49390952454
3826	7.49390952272
3827	7.49390952092
3828	7.49390951911
3829	7.49390951731
3830	7.49390951552
3831	7.49390951374
3832	7.49390951196
3833	7.49390951019
3834	7.49390950842
3835	7.49390950666
3836	7.4939095049
3837	7.49390950315
3838	7.49390950141
3839	7.49390949967
3840	7.49390949794
3841	7.49390949621
3842	7.49390949449
3843	7.49390949278
3844	7.49390949107
3845	7.49390948937
3846	7.49390948767
3847	7.49390948598
3848	7.49390948429
3849	7.49390948261
3850	7.49390948094
3851	7.49390947927
3852	7.4939094776
3853	7.49390947594
3854	7.49390947429
3855	7.49390947265
3856	7.493909471
3857	7.49390946937
3858	7.49390946774
3859	7.49390946611
3860	7.49390946449
3861	7.49390946288
3862	7.49390946127
3863	7.49390945967
3864	7.49390945807
3865	7.49390945648
3866	7.49390945489
3867	7.49390945331
3868	7.49390945173
3869	7.49390945016
3870	7.4939094486
3871	7.49390944704
3872	7.49390944548
3873	7.49390944393
3874	7.49390944238
3875	7.49390944085
3876	7.49390943931
3877	7.49390943778
3878	7.49390943626
3879	7.49390943474
3880	7.49390943322
3881	7.49390943171
3882	7.49390943021
3883	7.49390942871
3884	7.49390942722
3885	7.49390942573
3886	7.49390942425
3887	7.49390942277
3888	7.49390942129
3889	7.49390941982
3890	7.49390941836
3891	7.4939094169
3892	7.49390941545
3893	7.493909414
3894	7.49390941255
3895	7.49390941111
3896	7.49390940968
3897	7.49390940825
3898	7.49390940682
3899	7.4939094054
3900	7.49390940399
3901	7.49390940258
3902	7.49390940117
3903	7.49390939977
3904	7.49390939837
3905	7.49390939698
3906	7.49390939559
3907	7.49390939421
3908	7.49390939283
3909	7.49390939146
3910	7.49390939009
3911	7.49390938872
3912	7.49390938736
3913	7.49390938601
3914	7.49390938466
3915	7.49390938331
3916	7.49390938197
3917	7.49390938063
3918	7.4939093793
3919	7.49390937797
3920	7.49390937665
3921	7.49390937533
3922	7.49390937402
3923	7.49390937271
3924	7.4939093714
3925	7.4939093701
3926	7.4939093688
3927	7.49390936751
3928	7.49390936622
3929	7.49390936494
3930	7.49390936366
3931	7.49390936238
3932	7.49390936111
3933	7.49390935984
3934	7.49390935858
3935	7.49390935732
3936	7.49390935607
3937	7.49390935482
3938	7.49390935357
3939	7.49390935233
3940	7.49390935109
3941	7.49390934986
3942	7.49390934863
3943	7.4939093474
3944	7.49390934618
3945	7.49390934497
3946	7.49390934375
3947	7.49390934254
3948	7.49390934134
3949	7.49390934014
3950	7.49390933894
3951	7.49390933775
3952	7.49390933656
3953	7.49390933538
3954	7.4939093342
3955	7.49390933302
3956	7.49390933185
3957	7.49390933068
3958	7.49390932951
3959	7.49390932835
3960	7.49390932719
3961	7.49390932604
3962	7.49390932489
3963	7.49390932375
3964	7.49390932261
3965	7.49390932147
3966	7.49390932033
3967	7.4939093192
3968	7.49390931808
3969	7.49390931695
3970	7.49390931584
3971	7.49390931472
3972	7.49390931361
3973	7.4939093125
3974	7.4939093114
3975	7.4939093103
3976	7.4939093092
3977	7.49390930811
3978	7.49390930702
3979	7.49390930593
3980	7.49390930485
3981	7.49390930377
3982	7.4939093027
3983	7.49390930163
3984	7.49390930056
3985	7.4939092995
3986	7.49390929844
3987	7.49390929738
3988	7.49390929633
3989	7.49390929528
3990	7.49390929423
3991	7.49390929319
3992	7.49390929215
3993	7.49390929111
3994	7.49390929008
3995	7.49390928905
3996	7.49390928803
3997	7.49390928701
3998	7.49390928599
3999	7.49390928497
4000	7.49390928396
4001	7.49390928295
4002	7.49390928195
4003	7.49390928095
4004	7.49390927995
4005	7.49390927895
4006	7.49390927796
4007	7.49390927698
4008	7.49390927599
4009	7.49390927501
4010	7.49390927403
4011	7.49390927306
4012	7.49390927209
4013	7.49390927112
4014	7.49390927015
4015	7.49390926919
4016	7.49390926823
4017	7.49390926728
4018	7.49390926632
4019	7.49390926538
4020	7.49390926443
4021	7.49390926349
4022	7.49390926255
4023	7.49390926161
4024	7.49390926068
4025	7.49390925975
4026	7.49390925882
4027	7.4939092579
4028	7.49390925698
4029	7.49390925606
4030	7.49390925515
4031	7.49390925423
4032	7.49390925333
4033	7.49390925242
4034	7.49390925152
4035	7.49390925062
4036	7.49390924972
4037	7.49390924883
4038	7.49390924794
4039	7.49390924705
4040	7.49390924617
4041	7.49390924529
4042	7.49390924441
4043	7.49390924353
4044	7.49390924266
4045	7.49390924179
4046	7.49390924092
4047	7.49390924006
4048	7.4939092392
4049	7.49390923834
4050	7.49390923749
4051	7.49390923663
4052	7.49390923579
4053	7.49390923494
4054	7.4939092341
4055	7.49390923325
4056	7.49390923242
4057	7.49390923158
4058	7.49390923075
4059	7.49390922992
4060	7.49390922909
4061	7.49390922827
4062	7.49390922745
4063	7.49390922663
4064	7.49390922581
4065	7.493909225
4066	7.49390922419
4067	7.49390922338
4068	7.49390922258
4069	7.49390922178
4070	7.49390922098
4071	7.49390922018
4072	7.49390921939
4073	7.49390921859
4074	7.49390921781
4075	7.49390921702
4076	7.49390921624
4077	7.49390921546
4078	7.49390921468
4079	7.4939092139
4080	7.49390921313
4081	7.49390921236
4082	7.49390921159
4083	7.49390921083
4084	7.49390921006
4085	7.4939092093
4086	7.49390920855
4087	7.49390920779
4088	7.49390920704
4089	7.49390920629
4090	7.49390920554
4091	7.4939092048
4092	7.49390920405
4093	7.49390920331
4094	7.49390920258
4095	7.49390920184
4096	7.49390920111
4097	7.49390920038
4098	7.49390919965
4099	7.49390919893
4100	7.4939091982
4101	7.49390919748
4102	7.49390919676
4103	7.49390919605
4104	7.49390919534
4105	7.49390919463
4106	7.49390919392
4107	7.49390919321
4108	7.49390919251
4109	7.49390919181
4110	7.49390919111
4111	7.49390919041
4112	7.49390918972
4113	7.49390918902
4114	7.49390918834
4115	7.49390918765
4116	7.49390918696
4117	7.49390918628
4118	7.4939091856
4119	7.49390918492
4120	7.49390918425
4121	7.49390918357
4122	7.4939091829
4123	7.49390918223
4124	7.49390918157
4125	7.4939091809
4126	7.49390918024
4127	7.49390917958
4128	7.49390917892
4129	7.49390917827
4130	7.49390917761
4131	7.49390917696
4132	7.49390917631
4133	7.49390917567
4134	7.49390917502
4135	7.49390917438
4136	7.49390917374
4137	7.4939091731
4138	7.49390917246
4139	7.49390917183
4140	7.4939091712
4141	7.49390917057
4142	7.49390916994
4143	7.49390916932
4144	7.49390916869
4145	7.49390916807
4146	7.49390916745
4147	7.49390916683
4148	7.49390916622
4149	7.49390916561
4150	7.493909165
4151	7.49390916439
4152	7.49390916378
4153	7.49390916318
4154	7.49390916257
4155	7.49390916197
4156	7.49390916137
4157	7.49390916078
4158	7.49390916018
4159	7.49390915959
4160	7.493909159
4161	7.49390915841
4162	7.49390915782
4163	7.49390915724
4164	7.49390915666
4165	7.49390915607
4166	7.4939091555
4167	7.49390915492
4168	7.49390915434
4169	7.49390915377
4170	7.4939091532
4171	7.49390915263
4172	7.49390915206
4173	7.4939091515
4174	7.49390915093
4175	7.49390915037
4176	7.49390914981
4177	7.49390914925
4178	7.4939091487
4179	7.49390914814
4180	7.49390914759
4181	7.49390914704
4182	7.49390914649
4183	7.49390914595
4184	7.4939091454
4185	7.49390914486
4186	7.49390914432
4187	7.49390914378
4188	7.49390914324
4189	7.4939091427
4190	7.49390914217
4191	7.49390914164
4192	7.49390914111
4193	7.49390914058
4194	7.49390914005
4195	7.49390913953
4196	7.493909139
4197	7.49390913848
4198	7.49390913796
4199	7.49390913744
4200	7.49390913693
4201	7.49390913641
4202	7.4939091359
4203	7.49390913539
4204	7.49390913488
4205	7.49390913437
4206	7.49390913386
4207	7.49390913336
4208	7.49390913286
4209	7.49390913236
4210	7.49390913186
4211	7.49390913136
4212	7.49390913086
4213	7.49390913037
4214	7.49390912988
4215	7.49390912939
4216	7.4939091289
4217	7.49390912841
4218	7.49390912792
4219	7.49390912744
4220	7.49390912696
4221	7.49390912647
4222	7.49390912599
4223	7.49390912552
4224	7.49390912504
4225	7.49390912457
4226	7.49390912409
4227	7.49390912362
4228	7.49390912315
4229	7.49390912268
4230	7.49390912222
4231	7.49390912175
4232	7.49390912129
4233	7.49390912082
4234	7.49390912036
4235	7.4939091199
4236	7.49390911945
4237	7.49390911899
4238	7.49390911854
4239	7.49390911808
4240	7.49390911763
4241	7.49390911718
4242	7.49390911673
4243	7.49390911629
4244	7.49390911584
4245	7.4939091154
4246	7.49390911496
4247	7.49390911451
4248	7.49390911407
4249	7.49390911364
4250	7.4939091132
4251	7.49390911277
4252	7.49390911233
4253	7.4939091119
4254	7.49390911147
4255	7.49390911104
4256	7.49390911061
4257	7.49390911019
4258	7.49390910976
4259	7.49390910934
4260	7.49390910891
4261	7.49390910849
4262	7.49390910808
4263	7.49390910766
4264	7.49390910724
4265	7.49390910683
4266	7.49390910641
4267	7.493909106
4268	7.49390910559
4269	7.49390910518
4270	7.49390910477
4271	7.49390910436
4272	7.49390910396
4273	7.49390910356
4274	7.49390910315
4275	7.49390910275
4276	7.49390910235
4277	7.49390910195
4278	7.49390910156
4279	7.49390910116
4280	7.49390910076
4281	7.49390910037
4282	7.49390909998
4283	7.49390909959
4284	7.4939090992
4285	7.49390909881
4286	7.49390909842
4287	7.49390909804
4288	7.49390909766
4289	7.49390909727
4290	7.49390909689
4291	7.49390909651
4292	7.49390909613
4293	7.49390909575
4294	7.49390909538
4295	7.493909095
4296	7.49390909463
4297	7.49390909426
4298	7.49390909388
4299	7.49390909351
4300	7.49390909314
4301	7.49390909278
4302	7.49390909241
4303	7.49390909205
4304	7.49390909168
4305	7.49390909132
4306	7.49390909096
4307	7.4939090906
4308	7.49390909024
4309	7.49390908988
4310	7.49390908952
4311	7.49390908917
4312	7.49390908881
4313	7.49390908846
4314	7.49390908811
4315	7.49390908776
4316	7.49390908741
4317	7.49390908706
4318	7.49390908671
4319	7.49390908636
4320	7.49390908602
4321	7.49390908568
4322	7.49390908533
4323	7.49390908499
4324	7.49390908465
4325	7.49390908431
4326	7.49390908397
4327	7.49390908364
4328	7.4939090833
4329	7.49390908297
4330	7.49390908263
4331	7.4939090823
4332	7.49390908197
4333	7.49390908164
4334	7.49390908131
4335	7.49390908098
4336	7.49390908065
4337	7.49390908033
4338	7.49390908
4339	7.49390907968
4340	7.49390907936
4341	7.49390907904
4342	7.49390907872
4343	7.4939090784
4344	7.49390907808
4345	7.49390907776
4346	7.49390907745
4347	7.49390907713
4348	7.49390907682
4349	7.4939090765
4350	7.49390907619
4351	7.49390907588
4352	7.49390907557
4353	7.49390907526
4354	7.49390907495
4355	7.49390907465
4356	7.49390907434
4357	7.49390907404
4358	7.49390907373
4359	7.49390907343
4360	7.49390907313
4361	7.49390907283
4362	7.49390907253
4363	7.49390907223
4364	7.49390907193
4365	7.49390907164
4366	7.49390907134
4367	7.49390907105
4368	7.49390907075
4369	7.49390907046
4370	7.49390907017
4371	7.49390906988
4372	7.49390906959
4373	7.4939090693
4374	7.49390906901
4375	7.49390906873
4376	7.49390906844
4377	7.49390906816
4378	7.49390906787
4379	7.49390906759
4380	7.49390906731
4381	7.49390906703
4382	7.49390906675
4383	7.49390906647
4384	7.49390906619
4385	7.49390906591
4386	7.49390906563
4387	7.49390906536
4388	7.49390906508
4389	7.49390906481
4390	7.49390906454
4391	7.49390906427
4392	7.493909064
4393	7.49390906373
4394	7.49390906346
4395	7.49390906319
4396	7.49390906292
4397	7.49390906266
4398	7.49390906239
4399	7.49390906213
4400	7.49390906186
4401	7.4939090616
4402	7.49390906134
4403	7.49390906108
4404	7.49390906082
4405	7.49390906056
4406	7.4939090603
4407	7.49390906004
4408	7.49390905978
4409	7.49390905953
4410	7.49390905927
4411	7.49390905902
4412	7.49390905877
4413	7.49390905851
4414	7.49390905826
4415	7.49390905801
4416	7.49390905776
4417	7.49390905751
4418	7.49390905726
4419	7.49390905702
4420	7.49390905677
4421	7.49390905653
4422	7.49390905628
4423	7.49390905604
4424	7.49390905579
4425	7.49390905555
4426	7.49390905531
4427	7.49390905507
4428	7.49390905483
4429	7.49390905459
4430	7.49390905435
4431	7.49390905411
4432	7.49390905388
4433	7.49390905364
4434	7.49390905341
4435	7.49390905317
4436	7.49390905294
4437	7.4939090527
4438	7.49390905247
4439	7.49390905224
4440	7.49390905201
4441	7.49390905178
4442	7.49390905155
4443	7.49390905132
4444	7.4939090511
4445	7.49390905087
4446	7.49390905064
4447	7.49390905042
4448	7.4939090502
4449	7.49390904997
4450	7.49390904975
4451	7.49390904953
4452	7.49390904931
4453	7.49390904908
4454	7.49390904886
4455	7.49390904865
4456	7.49390904843
4457	7.49390904821
4458	7.49390904799
4459	7.49390904778
4460	7.49390904756
4461	7.49390904735
4462	7.49390904713
4463	7.49390904692
4464	7.49390904671
4465	7.49390904649
4466	7.49390904628
4467	7.49390904607
4468	7.49390904586
4469	7.49390904565
4470	7.49390904545
4471	7.49390904524
4472	7.49390904503
4473	7.49390904482
4474	7.49390904462
4475	7.49390904441
4476	7.49390904421
4477	7.49390904401
4478	7.4939090438
4479	7.4939090436
4480	7.4939090434
4481	7.4939090432
4482	7.493909043
4483	7.4939090428
4484	7.4939090426
4485	7.4939090424
4486	7.49390904221
4487	7.49390904201
4488	7.49390904181
4489	7.49390904162
4490	7.49390904142
4491	7.49390904123
4492	7.49390904103
4493	7.49390904084
4494	7.49390904065
4495	7.49390904046
4496	7.49390904027
4497	7.49390904008
4498	7.49390903989
4499	7.4939090397
4500	7.49390903951
4501	7.49390903932
4502	7.49390903913
4503	7.49390903895
4504	7.49390903876
4505	7.49390903858
4506	7.49390903839
4507	7.49390903821
4508	7.49390903803
4509	7.49390903784
4510	7.49390903766
4511	7.49390903748
4512	7.4939090373
4513	7.49390903712
4514	7.49390903694
4515	7.49390903676
4516	7.49390903658
4517	7.4939090364
4518	7.49390903623
4519	7.49390903605
4520	7.49390903587
4521	7.4939090357
4522	7.49390903552
4523	7.49390903535
4524	7.49390903517
4525	7.493909035
4526	7.49390903483
4527	7.49390903466
4528	7.49390903448
4529	7.49390903431
4530	7.49390903414
4531	7.49390903397
4532	7.4939090338
4533	7.49390903364
4534	7.49390903347
4535	7.4939090333
4536	7.49390903313
4537	7.49390903297
4538	7.4939090328
4539	7.49390903264
4540	7.49390903247
4541	7.49390903231
4542	7.49390903214
4543	7.49390903198
4544	7.49390903182
4545	7.49390903166
4546	7.49390903149
4547	7.49390903133
4548	7.49390903117
4549	7.49390903101
4550	7.49390903085
4551	7.4939090307
4552	7.49390903054
4553	7.49390903038
4554	7.49390903022
4555	7.49390903007
4556	7.49390902991
4557	7.49390902976
4558	7.4939090296
4559	7.49390902945
4560	7.49390902929
4561	7.49390902914
4562	7.49390902899
4563	7.49390902883
4564	7.49390902868
4565	7.49390902853
4566	7.49390902838
4567	7.49390902823
4568	7.49390902808
4569	7.49390902793
4570	7.49390902778
4571	7.49390902763
4572	7.49390902748
4573	7.49390902734
4574	7.49390902719
4575	7.49390902704
4576	7.4939090269
4577	7.49390902675
4578	7.49390902661
4579	7.49390902646
4580	7.49390902632
4581	7.49390902618
4582	7.49390902603
4583	7.49390902589
4584	7.49390902575
4585	7.49390902561
4586	7.49390902547
4587	7.49390902532
4588	7.49390902518
4589	7.49390902504
4590	7.49390902491
4591	7.49390902477
4592	7.49390902463
4593	7.49390902449
4594	7.49390902435
4595	7.49390902422
4596	7.49390902408
4597	7.49390902394
4598	7.49390902381
4599	7.49390902367
4600	7.49390902354
4601	7.4939090234
4602	7.49390902327
4603	7.49390902314
4604	7.49390902301
4605	7.49390902287
4606	7.49390902274
4607	7.49390902261
4608	7.49390902248
4609	7.49390902235
4610	7.49390902222
Final W: [0.9211078533555084, 0.8078393812490983, 0.8734823089428027, 1.3139341774979179, 0.13385026003803402, 1.5984532026709113, 1.0198413438610812]