Iteration	Cost
0	11.1608505478
1	11.1591276574
2	11.1574060712
3	11.1556860356
4	11.1539674174
5	11.1522501507
6	11.1505344359
7	11.1488200365
8	11.1471068485
9	11.1453952369
10	11.1436850678
11	11.1419763227
12	11.1402689781
13	11.1385631134
14	11.1368586853
15	11.1351555549
16	11.133453922
17	11.1317536537
18	11.1300547471
19	11.128357347
20	11.126661325
21	11.1249666236
22	11.1232733202
23	11.1215812391
24	11.1198906967
25	11.1182014348
26	11.1165135642
27	11.1148270721
28	11.1131422431
29	11.1114586361
30	11.1097762807
31	11.1080955181
32	11.1064160338
33	11.1047378764
34	11.1030611764
35	11.1013857456
36	11.0997117764
37	11.0980392445
38	11.0963679146
39	11.0946980115
40	11.0930294874
41	11.0913623409
42	11.089696524
43	11.0880321858
44	11.0863692172
45	11.0847075752
46	11.0830471706
47	11.08138821
48	11.0797305568
49	11.0780743256
50	11.0764193953
51	11.0747658989
52	11.0731137324
53	11.0714628324
54	11.0698133821
55	11.0681652579
56	11.0665185273
57	11.0648730504
58	11.0632288755
59	11.0615859736
60	11.0599444742
61	11.0583042663
62	11.0566653458
63	11.0550279301
64	11.0533917502
65	11.0517570472
66	11.0501236192
67	11.0484914185
68	11.0468606049
69	11.0452311996
70	11.0436030277
71	11.0419762152
72	11.0403507467
73	11.0387265095
74	11.0371036752
75	11.0354820466
76	11.0338616001
77	11.0322424937
78	11.0306249914
79	11.0290086384
80	11.0273935458
81	11.0257798664
82	11.0241673938
83	11.0225563196
84	11.0209465895
85	11.0193381057
86	11.0177308191
87	11.0161247556
88	11.0145200149
89	11.0129166514
90	11.0113147724
91	11.0097140599
92	11.0081146658
93	11.0065164758
94	11.0049196374
95	11.0033238973
96	11.0017295888
97	11.0001366227
98	10.9985448845
99	10.9969545792
100	10.9953654184
101	10.9937775783
102	10.9921909428
103	10.9906056948
104	10.9890216459
105	10.9874389437
106	10.9858573836
107	10.9842771534
108	10.9826981629
109	10.9811204393
110	10.9795440889
111	10.9779689333
112	10.9763950582
113	10.9748223779
114	10.9732508028
115	10.9716807046
116	10.9701118009
117	10.9685442548
118	10.9669778193
119	10.9654128005
120	10.9638488621
121	10.9622863661
122	10.9607249492
123	10.9591648733
124	10.9576060379
125	10.9560483906
126	10.9544919993
127	10.9529367778
128	10.9513829283
129	10.9498302
130	10.9482786966
131	10.9467284958
132	10.9451795555
133	10.9436318674
134	10.9420853686
135	10.9405402066
136	10.9389963046
137	10.9374535706
138	10.9359119882
139	10.9343716681
140	10.9328325794
141	10.9312947928
142	10.9297581672
143	10.928222694
144	10.926688501
145	10.9251555666
146	10.9236238301
147	10.9220932552
148	10.9205638939
149	10.9190358547
150	10.917508768
151	10.9159830382
152	10.9144584902
153	10.9129351363
154	10.9114130999
155	10.9098921866
156	10.9083725892
157	10.9068542024
158	10.9053368881
159	10.9038208442
160	10.9023060719
161	10.9007923577
162	10.8992799423
163	10.8977686074
164	10.8962585923
165	10.8947497551
166	10.8932420326
167	10.891735603
168	10.8902302932
169	10.8887261658
170	10.887223308
171	10.8857215914
172	10.8842209626
173	10.8827215228
174	10.8812234055
175	10.8797263184
176	10.8782304745
177	10.8767356996
178	10.8752422793
179	10.8737500445
180	10.8722587883
181	10.8707688083
182	10.8692800418
183	10.8677924526
184	10.8663059861
185	10.8648205715
186	10.863336543
187	10.8618535248
188	10.8603716449
189	10.8588910791
190	10.8574115988
191	10.8559332262
192	10.8544561197
193	10.8529801288
194	10.8515052345
195	10.8500315147
196	10.8485588671
197	10.8470874759
198	10.8456173181
199	10.8441483333
200	10.8426803974
201	10.8412136334
202	10.8397480059
203	10.8382834612
204	10.836820098
205	10.8353578454
206	10.8338966767
207	10.8324368113
208	10.8309781052
209	10.8295205194
210	10.8280639443
211	10.8266086658
212	10.8251543741
213	10.8237013475
214	10.8222494081
215	10.8207986252
216	10.8193488556
217	10.8179002061
218	10.8164527588
219	10.8150064081
220	10.8135612778
221	10.8121172268
222	10.8106742843
223	10.8092324871
224	10.8077916974
225	10.8063521154
226	10.804913627
227	10.8034761024
228	10.8020398189
229	10.8006046097
230	10.7991705201
231	10.7977377098
232	10.796305891
233	10.7948751179
234	10.7934455363
235	10.7920170803
236	10.7905896067
237	10.7891632941
238	10.7877381039
239	10.7863139998
240	10.7848910949
241	10.7834693603
242	10.7820485763
243	10.7806289949
244	10.7792103956
245	10.7777928997
246	10.7763765723
247	10.7749612766
248	10.7735471141
249	10.772133992
250	10.7707219515
251	10.7693109284
252	10.7679013294
253	10.766492596
254	10.7650848749
255	10.7636783044
256	10.7622726878
257	10.7608683412
258	10.7594650021
259	10.7580627257
260	10.7566614519
261	10.7552614243
262	10.7538623075
263	10.7524642741
264	10.7510674509
265	10.7496716226
266	10.748276887
267	10.7468831098
268	10.7454905525
269	10.7440989032
270	10.7427084623
271	10.7413190686
272	10.739930761
273	10.738543403
274	10.7371572382
275	10.7357719783
276	10.734387842
277	10.7330048351
278	10.7316227476
279	10.7302416615
280	10.7288616479
281	10.7274828537
282	10.7261050264
283	10.7247282819
284	10.7233526157
285	10.7219779469
286	10.7206043463
287	10.7192317943
288	10.7178603138
289	10.7164897418
290	10.7151204735
291	10.7137521241
292	10.7123848872
293	10.7110184579
294	10.7096530457
295	10.7082889596
296	10.7069257897
297	10.7055638025
298	10.7042027991
299	10.7028426619
300	10.7014837033
301	10.7001257482
302	10.6987689174
303	10.6974129237
304	10.6960580107
305	10.6947040958
306	10.693351166
307	10.6919993616
308	10.6906484666
309	10.6892986641
310	10.6879497942
311	10.6866021639
312	10.6852554029
313	10.683909707
314	10.6825649481
315	10.681221184
316	10.6798784875
317	10.6785368992
318	10.6771962754
319	10.6758567249
320	10.6745180462
321	10.6731805439
322	10.6718440249
323	10.6705082685
324	10.6691736044
325	10.6678400283
326	10.6665074383
327	10.665175891
328	10.6638451715
329	10.662515585
330	10.661187155
331	10.6598596476
332	10.6585330617
333	10.6572074097
334	10.6558829571
335	10.654559406
336	10.6532368757
337	10.6519152963
338	10.6505947591
339	10.649275038
340	10.647956406
341	10.6466388377
342	10.6453222907
343	10.6440066875
344	10.6426920033
345	10.6413783777
346	10.6400656351
347	10.638753935
348	10.6374431676
349	10.6361333996
350	10.6348245963
351	10.6335168155
352	10.632209943
353	10.6309041134
354	10.6295993771
355	10.6282954675
356	10.6269926853
357	10.6256907791
358	10.6243899464
359	10.6230900284
360	10.6217910305
361	10.6204930618
362	10.6191959501
363	10.6178997284
364	10.6166046184
365	10.6153105184
366	10.614017273
367	10.6127250609
368	10.6114338059
369	10.6101434709
370	10.6088541818
371	10.6075657065
372	10.6062782598
373	10.6049917805
374	10.6037062572
375	10.6024217585
376	10.6011380985
377	10.5998553079
378	10.5985736186
379	10.5972929737
380	10.5960131824
381	10.5947343365
382	10.5934563765
383	10.5921794465
384	10.5909033252
385	10.5896282003
386	10.5883540028
387	10.5870806896
388	10.5858083864
389	10.5845370528
390	10.5832666907
391	10.5819972959
392	10.5807288042
393	10.5794613576
394	10.57819461
395	10.5769289867
396	10.5756641366
397	10.5744002945
398	10.5731372987
399	10.5718752345
400	10.5706142513
401	10.5693541533
402	10.5680950234
403	10.5668366596
404	10.5655793872
405	10.5643229722
406	10.5630675264
407	10.5618129833
408	10.5605592319
409	10.5593066041
410	10.5580547728
411	10.5568038712
412	10.555553954
413	10.554304901
414	10.5530568999
415	10.5518097849
416	10.5505633509
417	10.5493178909
418	10.5480733675
419	10.5468298116
420	10.5455872018
421	10.5443453815
422	10.5431046813
423	10.5418647489
424	10.5406256793
425	10.5393875602
426	10.5381503687
427	10.5369140174
428	10.5356784428
429	10.5344439318
430	10.5332102647
431	10.5319775704
432	10.5307457254
433	10.529514786
434	10.5282846991
435	10.5270556114
436	10.5258274221
437	10.5246000826
438	10.5233737151
439	10.5221482399
440	10.5209235735
441	10.5196998052
442	10.5184769009
443	10.5172550192
444	10.5160338764
445	10.5148136888
446	10.513594374
447	10.5123760163
448	10.5111584609
449	10.5099418092
450	10.5087260124
451	10.5075111904
452	10.5062972186
453	10.5050841303
454	10.5038718973
455	10.5026605415
456	10.5014501036
457	10.5002405768
458	10.4990318266
459	10.4978239751
460	10.4966169931
461	10.4954108642
462	10.4942056506
463	10.4930013376
464	10.4917978099
465	10.4905952241
466	10.4893933719
467	10.4881924315
468	10.486992399
469	10.4857932398
470	10.4845949626
471	10.4833974701
472	10.4822008947
473	10.4810052097
474	10.4798103428
475	10.4786164926
476	10.4774233605
477	10.4762310745
478	10.475039678
479	10.4738491215
480	10.472659342
481	10.4714704812
482	10.4702824679
483	10.4690952973
484	10.467909063
485	10.4667236534
486	10.4655391524
487	10.464355468
488	10.4631725205
489	10.4619905028
490	10.4608093419
491	10.4596290886
492	10.4584497473
493	10.4572711342
494	10.4560933133
495	10.4549163503
496	10.4537402817
497	10.4525651536
498	10.4513905317
499	10.4502171066
500	10.4490443413
501	10.4478724802
502	10.4467013915
503	10.4455312092
504	10.4443617439
505	10.4431931821
506	10.442025438
507	10.4408585111
508	10.4396925574
509	10.4385272455
510	10.4373628041
511	10.4361992115
512	10.4350364116
513	10.4338745223
514	10.4327135215
515	10.4315532607
516	10.4303937507
517	10.4292351711
518	10.4280773155
519	10.4269203041
520	10.4257641037
521	10.4246087758
522	10.4234542886
523	10.4223005766
524	10.4211476556
525	10.4199956528
526	10.4188444744
527	10.4176940438
528	10.4165443991
529	10.4153956108
530	10.4142476097
531	10.4131004721
532	10.4119541894
533	10.410808578
534	10.4096638442
535	10.4085199627
536	10.4073768304
537	10.4062344601
538	10.4050929582
539	10.4039523257
540	10.4028124688
541	10.4016734241
542	10.4005351104
543	10.3993976605
544	10.3982609438
545	10.3971250972
546	10.3959899777
547	10.394855621
548	10.3937221361
549	10.39258948
550	10.3914575597
551	10.3903266296
552	10.3891963123
553	10.3880668805
554	10.3869381176
555	10.3858101372
556	10.3846830104
557	10.3835568206
558	10.3824312433
559	10.3813064148
560	10.3801824253
561	10.3790593673
562	10.3779369484
563	10.3768153473
564	10.3756946459
565	10.3745746142
566	10.3734554649
567	10.3723370618
568	10.3712194078
569	10.3701025685
570	10.3689864527
571	10.3678711802
572	10.3667565806
573	10.3656428081
574	10.3645298045
575	10.3634176709
576	10.3623062317
577	10.3611955244
578	10.3600856458
579	10.358976541
580	10.3578682697
581	10.3567606772
582	10.3556538406
583	10.3545479171
584	10.3534426079
585	10.3523382051
586	10.35123456
587	10.3501315594
588	10.349029362
589	10.3479279704
590	10.3468274287
591	10.3457274819
592	10.3446284142
593	10.343530068
594	10.3424324542
595	10.3413356857
596	10.3402396637
597	10.339144295
598	10.338049793
599	10.3369560304
600	10.3358630265
601	10.3347707251
602	10.3336792991
603	10.3325885083
604	10.3314985712
605	10.3304093883
606	10.3293209045
607	10.3282332785
608	10.3271463046
609	10.3260600196
610	10.3249745751
611	10.3238898598
612	10.322805921
613	10.3217227326
614	10.3206402219
615	10.319558526
616	10.3184775845
617	10.3173973095
618	10.3163178003
619	10.3152390267
620	10.3141610696
621	10.3130837097
622	10.3120072059
623	10.3109314147
624	10.309856311
625	10.3087819448
626	10.3077083339
627	10.3066355326
628	10.305563466
629	10.3044919886
630	10.303421378
631	10.3023514223
632	10.3012822954
633	10.3002138428
634	10.299146172
635	10.2980792741
636	10.2970130523
637	10.2959474892
638	10.294882731
639	10.2938186505
640	10.2927553284
641	10.2916927658
642	10.2906307874
643	10.2895696061
644	10.2885092612
645	10.2874495124
646	10.2863904705
647	10.2853321953
648	10.2842746471
649	10.2832178696
650	10.2821618055
651	10.2811063376
652	10.2800517528
653	10.2789977653
654	10.2779445167
655	10.2768920204
656	10.2758402958
657	10.2747892438
658	10.2737389112
659	10.2726893385
660	10.2716404167
661	10.2705922722
662	10.269544782
663	10.2684979418
664	10.2674519521
665	10.2664066139
666	10.2653620434
667	10.264318021
668	10.2632748594
669	10.2622323209
670	10.2611904617
671	10.2601493108
672	10.2591088828
673	10.258069224
674	10.257030242
675	10.2559918982
676	10.2549542658
677	10.2539174026
678	10.2528811558
679	10.2518456491
680	10.2508109622
681	10.2497769113
682	10.248743562
683	10.2477108501
684	10.24667886
685	10.2456475121
686	10.2446169891
687	10.2435870968
688	10.2425579251
689	10.2415293616
690	10.2405015315
691	10.2394744206
692	10.2384479482
693	10.2374221277
694	10.2363971312
695	10.2353727488
696	10.2343490771
697	10.233326016
698	10.2323037707
699	10.2312821746
700	10.2302612998
701	10.2292410025
702	10.2282213914
703	10.2272025371
704	10.2261842879
705	10.2251667071
706	10.2241498648
707	10.2231337163
708	10.2221182378
709	10.2211034232
710	10.2200893669
711	10.2190760142
712	10.2180632068
713	10.2170510804
714	10.2160396802
715	10.2150289493
716	10.2140189159
717	10.2130095277
718	10.212000749
719	10.2109926999
720	10.2099853655
721	10.2089786922
722	10.2079726711
723	10.206967364
724	10.205962661
725	10.2049586481
726	10.2039553359
727	10.202952776
728	10.2019507485
729	10.2009494046
730	10.1999487378
731	10.1989487429
732	10.1979494779
733	10.1969507126
734	10.1959527258
735	10.1949553905
736	10.193958724
737	10.1929627596
738	10.1919673994
739	10.1909727121
740	10.1899787733
741	10.188985359
742	10.1879926068
743	10.1870005506
744	10.1860091917
745	10.1850183409
746	10.1840281752
747	10.1830387122
748	10.1820499827
749	10.1810619209
750	10.1800744802
751	10.179087699
752	10.1781015149
753	10.1771159489
754	10.1761311165
755	10.1751468818
756	10.1741632594
757	10.1731803878
758	10.1721981522
759	10.1712164006
760	10.170235326
761	10.1692550064
762	10.168275353
763	10.1672962586
764	10.1663178572
765	10.1653401544
766	10.1643630494
767	10.1633865381
768	10.162410726
769	10.1614355692
770	10.1604610453
771	10.1594871667
772	10.1585138577
773	10.1575412372
774	10.1565693334
775	10.1555979442
776	10.1546272355
777	10.1536570777
778	10.152687705
779	10.1517189366
780	10.1507507607
781	10.1497832666
782	10.1488164305
783	10.147850131
784	10.1468844941
785	10.1459195367
786	10.1449551374
787	10.1439914383
788	10.1430283921
789	10.1420658877
790	10.1411040145
791	10.1401427811
792	10.1391821671
793	10.1382222521
794	10.1372628586
795	10.1363041695
796	10.1353461117
797	10.1343886778
798	10.1334318554
799	10.1324756412
800	10.1315200125
801	10.1305650212
802	10.1296105826
803	10.1286569007
804	10.1277038071
805	10.1267513899
806	10.1257994864
807	10.1248482438
808	10.1238975846
809	10.1229476705
810	10.1219983674
811	10.1210495474
812	10.1201013601
813	10.1191537047
814	10.1182067366
815	10.117260435
816	10.1163146793
817	10.1153695071
818	10.1144249936
819	10.1134810649
820	10.1125378448
821	10.1115951026
822	10.1106530385
823	10.1097114859
824	10.10877052
825	10.1078302025
826	10.1068905189
827	10.1059514866
828	10.1050130012
829	10.1040752794
830	10.1031380473
831	10.1022013909
832	10.1012653364
833	10.1003299217
834	10.0993951032
835	10.0984608344
836	10.0975271851
837	10.0965941738
838	10.0956617903
839	10.0947300166
840	10.0937987436
841	10.0928681802
842	10.0919381721
843	10.0910086997
844	10.0900799126
845	10.0891517156
846	10.0882240869
847	10.0872970451
848	10.0863705401
849	10.0854447271
850	10.084519432
851	10.0835948062
852	10.0826706994
853	10.0817471553
854	10.0808242288
855	10.0799019277
856	10.0789802121
857	10.0780590473
858	10.0771385141
859	10.0762185862
860	10.0752992151
861	10.0743805269
862	10.0734623163
863	10.072544713
864	10.071627799
865	10.0707113343
866	10.0697955091
867	10.0688802498
868	10.067965656
869	10.0670515903
870	10.0661381202
871	10.0652252274
872	10.064312843
873	10.0634011406
874	10.062489909
875	10.0615793577
876	10.0606692941
877	10.0597598578
878	10.0588509538
879	10.0579426622
880	10.0570348056
881	10.0561276212
882	10.0552210133
883	10.0543149882
884	10.0534096157
885	10.052504731
886	10.0516004545
887	10.0506967667
888	10.0497935801
889	10.0488910457
890	10.0479890186
891	10.0470875028
892	10.0461866414
893	10.045286308
894	10.0443865605
895	10.0434874504
896	10.0425888709
897	10.0416908413
898	10.0407934411
899	10.0398965756
900	10.0390002172
901	10.0381044542
902	10.0372092983
903	10.0363146673
904	10.0354206793
905	10.0345272165
906	10.0336342887
907	10.0327418977
908	10.0318500675
909	10.0309588283
910	10.0300681389
911	10.0291779919
912	10.0282883687
913	10.0273992702
914	10.0265108024
915	10.025622899
916	10.0247355442
917	10.0238487318
918	10.0229624913
919	10.0220768284
920	10.0211917039
921	10.0203071028
922	10.0194230963
923	10.0185396512
924	10.0176567297
925	10.0167743863
926	10.0158926163
927	10.0150113727
928	10.0141306553
929	10.013250537
930	10.0123709765
931	10.0114919413
932	10.0106134959
933	10.0097355854
934	10.0088582582
935	10.0079814118
936	10.0071051214
937	10.0062294207
938	10.0053542328
939	10.0044795443
940	10.0036053547
941	10.0027317625
942	10.0018586822
943	10.0009862438
944	10.0001143423
945	9.99924289284
946	9.99837205218
947	9.99750178861
948	9.9966319622
949	9.99576272588
950	9.9948939728
951	9.99402583634
952	9.99315815977
953	9.992291086
954	9.9914245404
955	9.99055850915
956	9.98969304742
957	9.98882808627
958	9.9879636855
959	9.98709980448
960	9.98623644219
961	9.98537361369
962	9.98451129639
963	9.98364957985
964	9.98278833246
965	9.98192769367
966	9.98106751988
967	9.98020787331
968	9.97934875209
969	9.97849015565
970	9.97763213136
971	9.97677468586
972	9.97591769089
973	9.97506123321
974	9.97420536993
975	9.97334992593
976	9.97249507604
977	9.9716406847
978	9.97078681153
979	9.96993346723
980	9.96908072705
981	9.96822854822
982	9.96737680794
983	9.96652558356
984	9.96567492808
985	9.96482474659
986	9.96397507114
987	9.9631259289
988	9.96227741727
989	9.96142937077
990	9.96058185278
991	9.95973483287
992	9.95888836452
993	9.95804229065
994	9.95719685078
995	9.95635183329
996	9.95550735243
997	9.95466345873
998	9.95382000783
999	9.95297713494
1000	9.95213478945
1001	9.95129286238
1002	9.95045153147
1003	9.949610636
1004	9.94877029879
1005	9.94793052052
1006	9.94709124701
1007	9.94625246725
1008	9.94541415563
1009	9.94457639149
1010	9.94373909778
1011	9.94290235156
1012	9.94206619269
1013	9.94123043567
1014	9.94039518721
1015	9.93956040617
1016	9.9387261754
1017	9.93789253737
1018	9.93705931293
1019	9.93622661085
1020	9.93539439334
1021	9.93456272765
1022	9.93373153286
1023	9.93290091513
1024	9.93207077563
1025	9.93124106658
1026	9.9304118805
1027	9.92958322213
1028	9.92875502466
1029	9.92792740415
1030	9.92710025173
1031	9.92627359025
1032	9.92544745268
1033	9.9246217161
1034	9.92379657717
1035	9.92297187999
1036	9.92214773682
1037	9.92132409297
1038	9.92050093398
1039	9.91967829333
1040	9.91885611107
1041	9.91803439622
1042	9.91721320121
1043	9.91639243888
1044	9.91557216726
1045	9.91475241552
1046	9.91393324986
1047	9.91311461638
1048	9.91229639924
1049	9.91147866622
1050	9.91066142622
1051	9.90984457867
1052	9.90902838034
1053	9.90821265117
1054	9.90739742619
1055	9.90658266959
1056	9.90576830257
1057	9.90495453502
1058	9.9041412025
1059	9.90332831149
1060	9.90251603235
1061	9.90170411694
1062	9.90089272737
1063	9.90008187816
1064	9.89927151528
1065	9.89846153689
1066	9.89765207958
1067	9.89684312414
1068	9.89603467245
1069	9.89522670272
1070	9.8944191343
1071	9.89361218085
1072	9.89280558789
1073	9.89199953678
1074	9.89119390275
1075	9.89038879621
1076	9.88958414075
1077	9.88877991656
1078	9.88797629285
1079	9.88717309126
1080	9.8863703709
1081	9.88556812585
1082	9.88476643669
1083	9.88396520664
1084	9.88316447324
1085	9.88236414193
1086	9.88156435716
1087	9.88076500561
1088	9.87996615622
1089	9.87916776524
1090	9.87836975275
1091	9.87757227779
1092	9.87677528399
1093	9.87597879522
1094	9.87518268565
1095	9.87438713736
1096	9.87359202526
1097	9.87279738124
1098	9.87200322153
1099	9.87120954392
1100	9.87041633556
1101	9.86962355891
1102	9.86883128522
1103	9.86803940668
1104	9.86724808338
1105	9.86645708185
1106	9.86566663945
1107	9.86487664797
1108	9.86408708646
1109	9.86329803196
1110	9.86250947313
1111	9.86172142142
1112	9.86093379956
1113	9.86014661237
1114	9.85935998935
1115	9.85857374667
1116	9.85778797346
1117	9.85700260879
1118	9.85621776587
1119	9.85543339453
1120	9.85464946155
1121	9.85386593837
1122	9.85308300562
1123	9.85230053376
1124	9.85151840247
1125	9.85073680802
1126	9.84995556821
1127	9.84917484085
1128	9.84839462241
1129	9.8476148029
1130	9.84683542208
1131	9.84605649507
1132	9.84527815137
1133	9.84450018679
1134	9.84372273341
1135	9.84294561404
1136	9.84216900144
1137	9.8413928795
1138	9.84061708281
1139	9.83984187694
1140	9.8390670801
1141	9.83829277573
1142	9.83751892872
1143	9.83674546808
1144	9.83597246012
1145	9.83519992065
1146	9.83442787785
1147	9.83365625836
1148	9.83288505803
1149	9.83211430132
1150	9.83134408456
1151	9.83057422881
1152	9.82980484148
1153	9.82903588377
1154	9.82826735732
1155	9.82749926655
1156	9.82673166931
1157	9.82596450293
1158	9.82519774348
1159	9.82443149011
1160	9.82366561774
1161	9.8229002776
1162	9.82213533104
1163	9.82137083851
1164	9.82060678816
1165	9.81984325601
1166	9.81908006434
1167	9.81831735564
1168	9.81755510345
1169	9.81679327839
1170	9.816031928
1171	9.81527099437
1172	9.81451050032
1173	9.81375042157
1174	9.81299085801
1175	9.81223167372
1176	9.8114729322
1177	9.81071458845
1178	9.8099567191
1179	9.8091993401
1180	9.80844235474
1181	9.80768574748
1182	9.80692964284
1183	9.80617398881
1184	9.80541876685
1185	9.80466395996
1186	9.80390957539
1187	9.803155613
1188	9.80240209818
1189	9.8016490788
1190	9.80089649445
1191	9.80014429133
1192	9.79939250283
1193	9.79864116445
1194	9.79789025673
1195	9.79713973719
1196	9.79638968565
1197	9.79564004558
1198	9.79489085099
1199	9.7941420886
1200	9.79339376511
1201	9.79264579035
1202	9.79189833045
1203	9.79115127481
1204	9.79040465429
1205	9.789658472
1206	9.78891267665
1207	9.78816731587
1208	9.78742237247
1209	9.78667783858
1210	9.78593376129
1211	9.78519017349
1212	9.78444690647
1213	9.78370407811
1214	9.78296176021
1215	9.78221976939
1216	9.78147821138
1217	9.78073706991
1218	9.77999634016
1219	9.77925598813
1220	9.77851609793
1221	9.77777665108
1222	9.77703768247
1223	9.77629914132
1224	9.77556097927
1225	9.77482322424
1226	9.77408590382
1227	9.77334900078
1228	9.7726125338
1229	9.77187644287
1230	9.77114077117
1231	9.77040548784
1232	9.76967073764
1233	9.76893638918
1234	9.76820235181
1235	9.76746888952
1236	9.76673567544
1237	9.76600299737
1238	9.76527072463
1239	9.76453884026
1240	9.76380733469
1241	9.76307625812
1242	9.76234556352
1243	9.76161533597
1244	9.76088554355
1245	9.76015608009
1246	9.75942708741
1247	9.7586984419
1248	9.75797028317
1249	9.757242445
1250	9.75651503825
1251	9.75578806448
1252	9.75506155393
1253	9.75433538396
1254	9.7536096512
1255	9.7528843323
1256	9.75215942406
1257	9.75143493705
1258	9.75071083625
1259	9.74998717126
1260	9.7492639122
1261	9.74854101181
1262	9.7478185863
1263	9.74709654568
1264	9.74637489853
1265	9.74565368338
1266	9.74493283661
1267	9.7442124275
1268	9.74349238764
1269	9.74277276502
1270	9.7420535651
1271	9.7413347734
1272	9.74061634388
1273	9.73989828307
1274	9.73918064477
1275	9.73846339321
1276	9.73774661177
1277	9.7370301816
1278	9.73631418751
1279	9.73559858979
1280	9.734883376
1281	9.73416857566
1282	9.73345418334
1283	9.73274016287
1284	9.73202654237
1285	9.7313132451
1286	9.730600502
1287	9.72988805508
1288	9.72917601157
1289	9.72846440386
1290	9.72775317242
1291	9.72704231652
1292	9.72633187048
1293	9.72562186472
1294	9.72491217069
1295	9.72420296017
1296	9.7234941713
1297	9.72278568434
1298	9.72207757472
1299	9.72136996033
1300	9.72066274687
1301	9.71995582846
1302	9.71924932988
1303	9.71854325563
1304	9.71783757308
1305	9.71713224317
1306	9.71642735583
1307	9.7157228506
1308	9.71501874678
1309	9.71431500157
1310	9.71361164256
1311	9.7129086675
1312	9.71220610945
1313	9.71150393307
1314	9.7108021367
1315	9.71010070993
1316	9.70939966982
1317	9.70869906368
1318	9.70799880294
1319	9.70729890768
1320	9.70659943401
1321	9.70590033487
1322	9.70520154947
1323	9.70450322772
1324	9.70380525409
1325	9.70310772678
1326	9.70241052798
1327	9.70171375127
1328	9.70101736793
1329	9.70032133687
1330	9.69962569535
1331	9.69893040241
1332	9.69823554189
1333	9.69754106041
1334	9.69684697162
1335	9.69615324195
1336	9.69545986868
1337	9.69476689934
1338	9.69407435179
1339	9.69338211919
1340	9.69269020347
1341	9.69199869618
1342	9.69130766582
1343	9.69061696052
1344	9.68992666238
1345	9.68923671529
1346	9.68854724775
1347	9.6878580743
1348	9.68716928335
1349	9.6864809075
1350	9.68579288331
1351	9.68510520999
1352	9.68441792736
1353	9.68373105028
1354	9.68304446313
1355	9.68235835831
1356	9.68167257359
1357	9.6809872242
1358	9.6803021474
1359	9.67961742878
1360	9.6789331529
1361	9.67824917166
1362	9.67756560557
1363	9.67688239511
1364	9.67619958475
1365	9.6755171591
1366	9.67483510956
1367	9.67415345987
1368	9.67347216864
1369	9.67279122564
1370	9.6721106266
1371	9.67143040479
1372	9.67075058885
1373	9.67007116839
1374	9.66939209473
1375	9.66871338579
1376	9.66803503755
1377	9.66735704842
1378	9.66667943585
1379	9.66600215847
1380	9.66532524541
1381	9.66464869788
1382	9.66397252682
1383	9.66329674377
1384	9.66262131253
1385	9.66194627627
1386	9.66127153962
1387	9.66059718884
1388	9.6599231852
1389	9.65924952411
1390	9.65857628998
1391	9.65790343096
1392	9.65723095342
1393	9.65655881063
1394	9.65588705064
1395	9.65521564654
1396	9.65454460649
1397	9.65387391544
1398	9.65320358389
1399	9.65253363984
1400	9.65186402159
1401	9.65119482427
1402	9.65052595053
1403	9.64985748298
1404	9.64918932423
1405	9.64852149834
1406	9.64785406037
1407	9.64718697605
1408	9.64652023718
1409	9.64585379276
1410	9.64518780734
1411	9.64452219661
1412	9.64385690528
1413	9.64319198934
1414	9.6425273481
1415	9.64186303936
1416	9.64119915176
1417	9.64053572187
1418	9.63987256309
1419	9.639209693
1420	9.63854722368
1421	9.63788514287
1422	9.63722343268
1423	9.63656203027
1424	9.63590099339
1425	9.63524034562
1426	9.63457999732
1427	9.63391999576
1428	9.63326033637
1429	9.63260109741
1430	9.63194220458
1431	9.63128361979
1432	9.63062537621
1433	9.6299674771
1434	9.62930997756
1435	9.62865283028
1436	9.62799606201
1437	9.62733962499
1438	9.62668348372
1439	9.62602769275
1440	9.62537230089
1441	9.62471718146
1442	9.62406247628
1443	9.62340814543
1444	9.62275408609
1445	9.6221004398
1446	9.6214471306
1447	9.62079418074
1448	9.62014151325
1449	9.61948920073
1450	9.61883728167
1451	9.61818570855
1452	9.61753447966
1453	9.61688352772
1454	9.61623294164
1455	9.61558268964
1456	9.61493285874
1457	9.6142833311
1458	9.61363412599
1459	9.61298532241
1460	9.61233682622
1461	9.61168873095
1462	9.61104093568
1463	9.61039347005
1464	9.60974631233
1465	9.60909953059
1466	9.60845309601
1467	9.6078070674
1468	9.60716131916
1469	9.60651591083
1470	9.60587084051
1471	9.60522614207
1472	9.60458174242
1473	9.60393770594
1474	9.60329395374
1475	9.60265056377
1476	9.60200752872
1477	9.60136481375
1478	9.60072240446
1479	9.60008030815
1480	9.59943855294
1481	9.59879720829
1482	9.59815619562
1483	9.59751549386
1484	9.59687513038
1485	9.59623507893
1486	9.59559540342
1487	9.59495609005
1488	9.59431708269
1489	9.59367841434
1490	9.59304003664
1491	9.59240205659
1492	9.59176436633
1493	9.59112705588
1494	9.59049004761
1495	9.58985338431
1496	9.5892170219
1497	9.58858101475
1498	9.58794534783
1499	9.58731000299
1500	9.5866750026
1501	9.58604031134
1502	9.58540599973
1503	9.58477200184
1504	9.58413835066
1505	9.58350500349
1506	9.58287197596
1507	9.5822393047
1508	9.58160693992
1509	9.58097497582
1510	9.58034329815
1511	9.57971190886
1512	9.57908082917
1513	9.57845013695
1514	9.57781972029
1515	9.57718966198
1516	9.57655992239
1517	9.57593052441
1518	9.57530145345
1519	9.57467270586
1520	9.57404428494
1521	9.57341617701
1522	9.57278841003
1523	9.57216095251
1524	9.57153390601
1525	9.57090711856
1526	9.57028058161
1527	9.56965442964
1528	9.56902857616
1529	9.56840309457
1530	9.56777793864
1531	9.56715306643
1532	9.56652850845
1533	9.56590427344
1534	9.56528038827
1535	9.56465682957
1536	9.56403368368
1537	9.56341081001
1538	9.56278824169
1539	9.56216592176
1540	9.56154401675
1541	9.56092237864
1542	9.56030111881
1543	9.55968010466
1544	9.55905944368
1545	9.55843906648
1546	9.55781902715
1547	9.55719927721
1548	9.556579914
1549	9.55596087308
1550	9.55534217119
1551	9.55472382948
1552	9.55410569853
1553	9.55348786881
1554	9.55287040706
1555	9.55225323509
1556	9.55163637481
1557	9.55101982905
1558	9.55040365898
1559	9.54978779512
1560	9.54917222753
1561	9.54855698909
1562	9.54794197795
1563	9.54732733706
1564	9.54671299488
1565	9.54609901086
1566	9.54548532906
1567	9.54487197113
1568	9.54425885362
1569	9.54364613065
1570	9.54303368731
1571	9.54242159074
1572	9.54180984598
1573	9.54119836626
1574	9.54058715603
1575	9.53997629047
1576	9.53936578895
1577	9.53875552456
1578	9.53814559851
1579	9.53753592824
1580	9.53692661225
1581	9.53631761902
1582	9.53570894518
1583	9.53510061605
1584	9.53449250458
1585	9.53388472396
1586	9.53327726831
1587	9.532670122
1588	9.53206330553
1589	9.53145676461
1590	9.53085053244
1591	9.53024462675
1592	9.5296390642
1593	9.52903372133
1594	9.52842868348
1595	9.52782402867
1596	9.52721967456
1597	9.52661559211
1598	9.52601182865
1599	9.52540835702
1600	9.52480522891
1601	9.52420239016
1602	9.52359984083
1603	9.52299764469
1604	9.5223957721
1605	9.52179418028
1606	9.52119284657
1607	9.52059185443
1608	9.51999122924
1609	9.51939084391
1610	9.5187907148
1611	9.51819089313
1612	9.51759144487
1613	9.51699230499
1614	9.51639340493
1615	9.51579486042
1616	9.51519660231
1617	9.51459864254
1618	9.51400095646
1619	9.51340361584
1620	9.51280656227
1621	9.51220980345
1622	9.51161329336
1623	9.51101714665
1624	9.51042131543
1625	9.50982571109
1626	9.50923045731
1627	9.50863544221
1628	9.50804076279
1629	9.5074464068
1630	9.5068523685
1631	9.506258578
1632	9.50566504961
1633	9.50507192507
1634	9.50447901669
1635	9.50388645835
1636	9.50329420378
1637	9.50270225372
1638	9.50211056266
1639	9.50151918284
1640	9.50092807484
1641	9.50033725636
1642	9.49974672316
1643	9.49915651417
1644	9.49856657981
1645	9.49797695261
1646	9.49738758721
1647	9.49679856091
1648	9.49620980191
1649	9.49562131171
1650	9.49503319156
1651	9.49444532082
1652	9.4938577704
1653	9.49327052287
1654	9.49268351207
1655	9.49209681784
1656	9.49151039619
1657	9.49092431684
1658	9.4903385245
1659	9.48975307095
1660	9.48916786497
1661	9.48858294955
1662	9.4879983394
1663	9.48741398103
1664	9.48682997249
1665	9.48624620256
1666	9.4856627013
1667	9.48507954376
1668	9.48449661831
1669	9.48391405836
1670	9.48333169851
1671	9.48274969333
1672	9.48216795428
1673	9.48158652904
1674	9.48100536622
1675	9.48042447444
1676	9.47984387844
1677	9.47926358844
1678	9.47868353569
1679	9.47810383652
1680	9.47752433425
1681	9.47694520999
1682	9.4763663484
1683	9.47578776018
1684	9.4752094731
1685	9.47463149561
1686	9.47405377292
1687	9.47347634475
1688	9.47289920085
1689	9.47232231177
1690	9.47174576323
1691	9.47116945769
1692	9.4705934228
1693	9.47001773451
1694	9.46944230803
1695	9.46886717229
1696	9.46829232932
1697	9.46771780741
1698	9.46714347084
1699	9.46656944863
1700	9.46599576462
1701	9.46542230267
1702	9.46484917393
1703	9.46427624708
1704	9.46370359507
1705	9.46313123757
1706	9.46255916971
1707	9.46198735373
1708	9.46141585024
1709	9.46084467366
1710	9.46027372086
1711	9.45970311021
1712	9.45913274031
1713	9.45856268874
1714	9.45799288187
1715	9.45742331284
1716	9.45685410869
1717	9.45628516811
1718	9.45571651484
1719	9.45514809779
1720	9.4545799853
1721	9.45401207543
1722	9.45344449476
1723	9.45287721274
1724	9.45231019638
1725	9.45174345308
1726	9.45117705431
1727	9.45061087804
1728	9.45004501242
1729	9.44947939673
1730	9.4489140733
1731	9.44834896825
1732	9.44778414078
1733	9.44721961095
1734	9.4466553781
1735	9.4460914471
1736	9.44552773097
1737	9.4449642841
1738	9.44440113699
1739	9.44383828638
1740	9.44327568689
1741	9.44271333737
1742	9.44215127689
1743	9.44158947959
1744	9.44102800947
1745	9.44046682379
1746	9.43990586228
1747	9.43934515072
1748	9.43878469844
1749	9.43822456032
1750	9.43766469863
1751	9.43710508621
1752	9.43654575256
1753	9.43598670578
1754	9.43542793879
1755	9.43486938456
1756	9.43431118837
1757	9.43375319474
1758	9.43319549312
1759	9.43263810896
1760	9.43208095098
1761	9.43152408217
1762	9.4309674069
1763	9.43041105819
1764	9.42985492087
1765	9.42929908162
1766	9.4287435078
1767	9.42818820143
1768	9.42763319417
1769	9.42707842159
1770	9.42652389596
1771	9.4259697377
1772	9.42541577198
1773	9.42486206189
1774	9.42430869611
1775	9.42375556786
1776	9.42320271105
1777	9.42265009337
1778	9.42209778313
1779	9.42154566064
1780	9.42099381065
1781	9.42044226361
1782	9.41989098195
1783	9.41933994957
1784	9.41878922258
1785	9.41823876871
1786	9.41768858148
1787	9.41713858799
1788	9.41658886473
1789	9.41603944137
1790	9.41549026793
1791	9.41494134451
1792	9.41439269348
1793	9.41384428992
1794	9.41329620488
1795	9.41274838058
1796	9.41220079496
1797	9.41165344627
1798	9.41110633796
1799	9.41055953344
1800	9.41001297194
1801	9.40946669596
1802	9.40892067922
1803	9.40837491311
1804	9.40782945511
1805	9.40728421036
1806	9.40673920693
1807	9.40619448925
1808	9.40565002779
1809	9.40510580518
1810	9.40456188498
1811	9.40401814603
1812	9.40347471929
1813	9.40293159101
1814	9.4023886509
1815	9.4018460223
1816	9.40130361543
1817	9.40076150812
1818	9.40021965465
1819	9.39967802286
1820	9.39913665763
1821	9.39859556314
1822	9.39805468912
1823	9.39751408983
1824	9.39697375034
1825	9.39643369424
1826	9.39589395807
1827	9.39535436534
1828	9.3948150542
1829	9.39427604141
1830	9.39373722627
1831	9.39319865633
1832	9.39266036462
1833	9.39212231407
1834	9.39158453471
1835	9.39104698893
1836	9.39050970032
1837	9.38997268787
1838	9.38943594567
1839	9.38889948187
1840	9.38836321919
1841	9.38782723876
1842	9.38729152262
1843	9.38675606173
1844	9.38622082782
1845	9.38568586593
1846	9.385151137
1847	9.38461667448
1848	9.38408244031
1849	9.38354844711
1850	9.38301474702
1851	9.38248128602
1852	9.38194810577
1853	9.38141514703
1854	9.38088244345
1855	9.38034993655
1856	9.3798176948
1857	9.3792857549
1858	9.3787540591
1859	9.37822261775
1860	9.37769139773
1861	9.37716043876
1862	9.37662972567
1863	9.37609932607
1864	9.37556912182
1865	9.37503914797
1866	9.37450945192
1867	9.37397998557
1868	9.37345078503
1869	9.37292178442
1870	9.37239305901
1871	9.37186454767
1872	9.37133633417
1873	9.37080833726
1874	9.37028061796
1875	9.36975317044
1876	9.36922594529
1877	9.36869897182
1878	9.36817225827
1879	9.36764575926
1880	9.36711954517
1881	9.36659356553
1882	9.3660678059
1883	9.36554223159
1884	9.36501698762
1885	9.36449196395
1886	9.36396716876
1887	9.36344268988
1888	9.36291837644
1889	9.36239438805
1890	9.36187060213
1891	9.36134706383
1892	9.36082377841
1893	9.36030073995
1894	9.35977791651
1895	9.35925532504
1896	9.35873300745
1897	9.35821095997
1898	9.35768906003
1899	9.35716746327
1900	9.35664609002
1901	9.35612500493
1902	9.35560414236
1903	9.35508351418
1904	9.35456309052
1905	9.35404296183
1906	9.35352304926
1907	9.35300338903
1908	9.35248395615
1909	9.35196478133
1910	9.35144585644
1911	9.35092719442
1912	9.35040866984
1913	9.34989046343
1914	9.34937246186
1915	9.34885471992
1916	9.34833720888
1917	9.34781995039
1918	9.34730295063
1919	9.34678615006
1920	9.34626957848
1921	9.34575329609
1922	9.3452372404
1923	9.34472142672
1924	9.34420588507
1925	9.3436905333
1926	9.34317544905
1927	9.34266057527
1928	9.34214597011
1929	9.3416315967
1930	9.34111746245
1931	9.34060350175
1932	9.34008983808
1933	9.33957640601
1934	9.33906318921
1935	9.33855023761
1936	9.33803750829
1937	9.33752499959
1938	9.33701273299
1939	9.33650069828
1940	9.33598887682
1941	9.33547731271
1942	9.33496596142
1943	9.33445483949
1944	9.33394397468
1945	9.33343338228
1946	9.33292297984
1947	9.33241282909
1948	9.33190287579
1949	9.33139319528
1950	9.33088376215
1951	9.33037458325
1952	9.32986557985
1953	9.32935682421
1954	9.32884829849
1955	9.328340014
1956	9.32783196722
1957	9.32732412048
1958	9.32681655891
1959	9.32630922411
1960	9.32580208732
1961	9.32529521062
1962	9.32478856299
1963	9.3242821305
1964	9.32377593618
1965	9.32326996084
1966	9.32276424073
1967	9.32225874153
1968	9.32175345768
1969	9.32124841434
1970	9.32074361108
1971	9.32023904177
1972	9.31973468147
1973	9.31923059811
1974	9.31872673032
1975	9.31822311625
1976	9.31771964894
1977	9.31721647291
1978	9.31671347972
1979	9.31621073214
1980	9.31570824092
1981	9.31520594869
1982	9.31470384947
1983	9.31420205411
1984	9.31370044739
1985	9.31319905384
1986	9.31269792862
1987	9.31219694417
1988	9.31169624695
1989	9.31119579148
1990	9.3106955132
1991	9.31019549043
1992	9.30969569943
1993	9.3091961187
1994	9.30869680298
1995	9.30819770918
1996	9.30769882288
1997	9.3072002209
1998	9.30670178566
1999	9.30620359691
2000	9.3057055947
2001	9.30520787922
2002	9.30471040121
2003	9.30421309916
2004	9.30371603534
2005	9.30321918393
2006	9.3027225521
2007	9.30222616135
2008	9.30172999955
2009	9.30123404834
2010	9.30073834618
2011	9.30024289527
2012	9.29974762821
2013	9.29925258809
2014	9.2987577299
2015	9.2982631177
2016	9.29776873307
2017	9.29727453053
2018	9.29678058661
2019	9.29628689561
2020	9.29579341945
2021	9.29530013749
2022	9.29480705336
2023	9.29431421314
2024	9.29382160824
2025	9.29332919121
2026	9.29283706207
2027	9.29234513446
2028	9.29185339783
2029	9.2913619118
2030	9.29087059867
2031	9.29037952306
2032	9.28988867779
2033	9.28939803431
2034	9.28890765201
2035	9.28841743767
2036	9.28792747559
2037	9.28743774637
2038	9.28694823947
2039	9.28645891738
2040	9.28596983261
2041	9.28548096983
2042	9.28499235306
2043	9.28450393036
2044	9.28401577252
2045	9.28352780208
2046	9.28304004322
2047	9.28255249657
2048	9.28206517481
2049	9.2815780758
2050	9.28109117052
2051	9.28060450133
2052	9.28011802379
2053	9.27963180703
2054	9.27914579446
2055	9.27866000901
2056	9.27817440619
2057	9.27768905564
2058	9.27720385229
2059	9.27671896291
2060	9.27623427171
2061	9.27574973284
2062	9.27526540905
2063	9.27478129378
2064	9.27429746291
2065	9.27381381399
2066	9.27333038932
2067	9.2728471862
2068	9.27236419557
2069	9.27188142015
2070	9.27139884804
2071	9.27091647965
2072	9.27043434438
2073	9.2699524032
2074	9.26947072572
2075	9.26898923181
2076	9.268507945
2077	9.26802690592
2078	9.26754601835
2079	9.26706535282
2080	9.26658489364
2081	9.26610465613
2082	9.26562466841
2083	9.26514481674
2084	9.26466523443
2085	9.26418587753
2086	9.26370672393
2087	9.26322776273
2088	9.2627490015
2089	9.26227049973
2090	9.26179217196
2091	9.26131408178
2092	9.26083620743
2093	9.26035853638
2094	9.25988106519
2095	9.25940382444
2096	9.25892677914
2097	9.25844992483
2098	9.25797331544
2099	9.25749690348
2100	9.25702070969
2101	9.25654467343
2102	9.25606887209
2103	9.25559327004
2104	9.25511788266
2105	9.25464272766
2106	9.25416779045
2107	9.25369301017
2108	9.25321849139
2109	9.25274414678
2110	9.25227001396
2111	9.25179606648
2112	9.25132240408
2113	9.25084890816
2114	9.2503755966
2115	9.24990248125
2116	9.24942960955
2117	9.24895694061
2118	9.24848447033
2119	9.24801223124
2120	9.24754022381
2121	9.24706839382
2122	9.24659677056
2123	9.24612533696
2124	9.24565411791
2125	9.24518307841
2126	9.24471231103
2127	9.24424170576
2128	9.24377130487
2129	9.24330114207
2130	9.24283118787
2131	9.24236138129
2132	9.24189181138
2133	9.24142242986
2134	9.24095327252
2135	9.24048432441
2136	9.24001559436
2137	9.23954704561
2138	9.23907870513
2139	9.23861054574
2140	9.23814260206
2141	9.23767486112
2142	9.23720735333
2143	9.23674001561
2144	9.23627293402
2145	9.23580598499
2146	9.23533928967
2147	9.23487279893
2148	9.23440652041
2149	9.23394040904
2150	9.23347450499
2151	9.23300882753
2152	9.23254331996
2153	9.23207805011
2154	9.2316129722
2155	9.23114806097
2156	9.23068339905
2157	9.23021891928
2158	9.22975462278
2159	9.22929054395
2160	9.2288267561
2161	9.228363061
2162	9.22789957161
2163	9.22743629531
2164	9.22697321519
2165	9.22651037824
2166	9.22604771736
2167	9.2255852275
2168	9.22512293647
2169	9.22466086441
2170	9.22419900298
2171	9.22373737359
2172	9.22327591296
2173	9.22281463689
2174	9.22235360936
2175	9.22189273993
2176	9.22143204936
2177	9.22097159789
2178	9.22051135653
2179	9.22005128943
2180	9.21959138643
2181	9.21913170011
2182	9.21867223754
2183	9.21821296374
2184	9.21775387195
2185	9.21729500881
2186	9.21683634811
2187	9.2163778718
2188	9.21591954801
2189	9.21546143658
2190	9.21500353648
2191	9.21454580137
2192	9.21408829519
2193	9.21363099239
2194	9.2131739229
2195	9.21271698631
2196	9.2122602808
2197	9.21180378111
2198	9.21134744126
2199	9.21089131906
2200	9.21043538891
2201	9.20997966022
2202	9.20952412375
2203	9.20906878519
2204	9.20861361544
2205	9.20815864047
2206	9.20770388102
2207	9.20724931987
2208	9.20679496538
2209	9.20634077279
2210	9.20588684122
2211	9.2054330688
2212	9.20497951259
2213	9.20452611194
2214	9.20407293506
2215	9.20361997117
2216	9.20316718975
2217	9.20271458689
2218	9.20226217219
2219	9.20180992299
2220	9.20135787843
2221	9.20090601716
2222	9.20045439063
2223	9.20000294672
2224	9.19955169061
2225	9.19910061